1 36.5656 30.1111 4.56732 3.00438 
2 36.2894 33.8277 3.77153 1.47834 
3 30.8889 32.4826 6.60426 2.08528 
4 33.3627 30.6553 4.78529 2.66954 
5 32.1617 32.639 6.72556 1.79614 
6 36.1191 33.3834 6.35727 1.88777 
7 36.1731 32.3457 5.03154 2.06211 
8 32.2669 33.9623 1.82814 1.8508 
9 32.4953 32.5231 0.529571 2.30652 
10 30.2267 34.6806 6.71994 2.29041 
11 40.8864 33.2013 2.09555 2.70883 
12 37.8531 31.5004 4.95523 2.92724 
13 39.1303 31.9426 5.94224 2.59024 
14 36.9825 36.5896 4.63274 1.91199 
15 42.6573 34.5624 0.951684 2.87478 
16 47.8816 31.8364 3.45262 2.56294 
17 43.4708 36.1136 0.197985 2.50265 
18 48.1998 34.6553 4.57216 3.05335 
19 43.5123 34.3855 0.414601 2.88667 
20 49.7459 35.931 3.07885 3.49621 
21 43.6997 32.4302 2.23853 2.99866 
22 45.6024 34.9454 6.53301 3.07185 
23 52.9503 34.2125 0.151139 2.94641 
24 55.6353 31.8413 1.57637 1.63401 
25 53.9499 32.6009 5.55155 1.83258 
26 59.9932 35.8692 2.99261 3.00699 
27 58.4975 32.9456 0.877317 2.89074 
28 61.0727 30.8107 0.237505 2.94819 
29 63.1906 36.4383 1.60904 2.34975 
30 61.6676 34.7679 1.97479 3.22176 
31 62.3275 32.4061 2.27517 2.81836 
32 60.2752 34.9466 4.47511 1.81036 
33 68.7085 30.5018 2.5784 2.85527 
34 64.9398 31.61 4.3285 2.53143 
35 66.3257 33.9974 4.36929 3.21873 
36 68.8938 36.0887 0.318372 3.04192 
37 69.8 33.0376 3.65495 1.70881 
38 69.3282 34.0886 6.06937 2.59441 
39 65.4602 34.3207 2.83403 2.01008 
40 32.5301 38.1362 0.901328 2.83134 
41 32.2812 43.0874 3.30988 2.2668 
42 35.7131 39.1408 1.67501 2.68437 
43 35.4113 38.526 5.45887 2.0189 
44 34.4648 38.5292 6.8207 1.87611 
45 35.019 38.3156 6.87995 1.85559 
46 40.3188 42.1313 4.06673 2.75307 
47 41.8784 38.9414 0.427755 2.46448 
48 40.0474 41.4831 2.174 1.50248 
49 40.1467 39.3928 2.58788 1.68275 
50 38.0325 39.669 2.12439 2.786 
51 41.6031 36.7092 6.60276 2.70725 
52 38.6067 40.3163 0.669802 1.92772 
53 43.495 40.0357 3.66864 2.9542 
54 49.8011 39.6908 4.7565 2.67726 
55 45.5599 41.545 6.67746 3.4734 
56 47.534 38.6211 1.75004 1.90939 
57 45.722 39.2426 2.93944 2.93318 
58 53.2424 41.0669 1.01413 3.21936 
59 55.1049 39.461 4.15938 3.05102 
60 52.4964 36.6959 4.39051 2.43378 
61 55.0789 37.134 0.125167 2.2049 
62 52.9387 42.5145 2.5192 3.29796 
63 51.5178 40.5522 6.57295 3.41163 
64 54.0188 42.4541 4.99249 2.4821 
65 59.5422 41.4533 2.21661 2.94151 
66 61.6805 42.1007 6.31036 2.32508 
67 61.0281 37.5036 4.76566 3.15072 
68 62.9416 41.7106 3.19954 1.43929 
69 57.401 40.0606 2.70318 3.32951 
70 57.3795 37.1453 2.0013 1.84479 
71 65.8817 37.8994 3.17067 2.77539 
72 65.5488 43.1277 1.13166 3.92163 
73 68.8407 42.7592 6.7729 1.93148 
74 68.2969 37.9693 6.42839 3.29131 
75 63.6401 37.8768 5.20656 2.63256 
76 66.0944 40.5569 2.60069 3.12117 
77 33.9161 45.8034 1.96707 2.3323 
78 31.8106 48.0592 2.77896 2.89142 
79 36.5064 44.7392 0.84778 2.65262 
80 33.8188 47.5875 3.79669 3.21778 
81 31.1671 46.9246 0.454722 2.191 
82 35.9392 47.1293 4.71197 3.8667 
83 30.5001 46.8686 4.55682 3.6101 
84 30.4004 46.6463 6.09623 2.66594 
85 33.5773 49.8137 4.72204 2.36143 
86 41.8139 48.1431 2.66788 2.26088 
87 40.8997 45.6727 1.0116 1.84112 
88 37.558 47.0929 4.77641 2.67555 
89 46.8135 48.8173 0.817385 3.32954 
90 43.5922 44.2296 2.18674 2.75202 
91 46.7958 48.1605 6.64103 2.56024 
92 52.8639 46.1357 0.971421 3.02893 
93 50.5929 47.7561 0.677717 2.71353 
94 54.9363 49.9189 1.5948 2.10722 
95 51.9005 46.1567 3.09456 3.08305 
96 52.4395 47.3484 3.58657 2.63696 
97 62.3441 49.218 3.60605 3.0506 
98 62.6943 44.9942 6.21773 3.12132 
99 69.8512 49.016 0.455753 2.30899 
100 66.3093 48.5405 3.73324 2.65754 
101 68.6546 46.3632 5.19276 2.89913 
102 64.3182 48.6242 5.33054 2.28557 
103 32.5054 50.0492 1.28665 2.40139 
104 34.2805 52.9249 0.967615 3.05006 
105 31.4723 52.8715 4.55784 3.14047 
106 31.4253 50.3692 5.17354 1.35092 
107 30.8367 50.7218 1.15211 2.56975 
108 34.6242 54.8538 6.32584 2.28527 
109 34.2624 55.5177 6.73877 1.3765 
110 37.5851 55.9674 3.01363 2.38257 
111 41.4883 53.057 4.7953 2.78786 
112 39.6133 54.7618 3.78612 2.54409 
113 40.6851 52.1555 5.59026 2.82778 
114 38.8551 50.7337 3.4743 2.14113 
115 37.4569 56.3404 4.00438 2.20714 
116 39.2254 51.4405 2.50101 2.12927 
117 40.5476 56.2685 6.20876 2.63566 
118 48.094 52.0072 4.30998 3.52718 
119 45.452 54.3356 5.07573 1.93578 
120 48.0189 56.089 0.841918 2.66083 
121 46.1221 55.4903 1.41947 1.66507 
122 44.2319 55.7279 6.28939 1.85388 
123 56.2045 55.5334 2.83267 1.7618 
124 54.6149 51.8145 0.23384 2.31553 
125 53.2259 54.521 1.28757 2.91319 
126 59.5762 50.7192 3.06095 3.33264 
127 61.1681 55.5703 2.36828 3.2154 
128 62.5372 55.9921 6.03116 2.52597 
129 59.7292 54.981 4.85955 2.56777 
130 57.8061 50.9732 6.9982 2.89703 
131 61.5115 53.7443 5.08021 3.05563 
132 64.4259 56.2029 1.15782 2.34392 
133 67.9399 55.4148 0.221178 3.57727 
134 63.5882 51.0835 6.11138 2.61396 
135 65.6617 53.7138 3.43 2.65716 
136 66.5442 53.2062 2.13095 2.86148 
137 68.832 50.4076 1.92234 1.81592 
138 67.6087 50.2911 3.61975 2.68037 
139 32.5343 59.4778 1.92543 2.32994 
140 32.3253 57.2651 2.98862 1.64261 
141 33.9737 59.643 0.835429 2.65288 
142 34.8606 56.9791 6.1935 3.2861 
143 37.4843 58.2467 3.97086 1.79452 
144 38.2971 63.019 1.72125 2.84547 
145 48.2438 62.7187 4.7818 2.58149 
146 44.3009 61.7849 0.828885 3.66537 
147 46.5037 56.852 2.02391 3.21669 
148 49.7326 59.5055 6.63748 2.61423 
149 49.9723 58.8417 5.97653 1.43607 
150 45.9051 57.7325 6.01585 3.14574 
151 46.4996 62.752 5.6391 1.69217 
152 55.3641 59.0942 5.30727 2.45557 
153 50.0415 61.6198 0.743386 3.231 
154 54.9609 57.8739 1.28443 2.69346 
155 53.697 60.9709 4.94879 1.35189 
156 58.2626 61.1189 4.36512 2.92912 
157 62.7051 62.1614 1.10658 1.54195 
158 62.0371 61.9492 4.85937 3.3671 
159 57.8636 57.3213 4.21131 2.62609 
160 69.8331 56.7796 3.16901 2.76697 
161 66.199 60.2914 6.2105 1.9868 
162 65.0924 60.3592 0.657231 3.14847 
163 63.6599 59.537 6.89392 1.943 
164 64.5295 61.9536 4.3264 2.5873 
165 66.8267 58.8869 4.32444 1.11724 
166 32.9563 65.5749 3.67329 3.27147 
167 35.5182 63.4136 1.74481 2.27155 
168 31.2915 66.1035 4.33894 2.94616 
169 33.888 64.4574 3.81817 3.09584 
170 35.5998 65.6457 2.4909 2.71508 
171 34.911 69.5593 1.69002 3.23705 
172 31.8433 68.5395 2.21067 2.11344 
173 30.3604 67.716 2.60594 3.20091 
174 33.5676 66.8769 2.82998 3.215 
175 43.0167 66.3656 5.52086 1.80796 
176 41.0202 65.0964 5.6235 2.41976 
177 40.3632 67.4694 1.25759 3.47407 
178 45.5529 66.4451 1.03703 2.67707 
179 45.7792 64.6148 2.01379 2.55452 
180 47.3983 64.591 0.805051 2.17224 
181 45.3389 67.7359 0.864024 2.8239 
182 45.5162 65.8354 4.84505 2.84995 
183 46.2489 68.1933 6.57246 3.44521 
184 48.4028 64.5342 4.11053 3.23499 
185 47.4626 66.2257 4.46721 3.55554 
186 49.5534 65.6931 3.66705 2.51634 
187 46.7922 67.5512 5.12538 3.8719 
188 50.7778 63.4264 4.25393 2.26942 
189 50.6085 66.8716 2.72694 2.24155 
190 56.6076 67.2707 5.77383 3.16362 
191 54.955 67.2951 0.925089 2.72593 
192 54.5783 63.8703 5.83066 3.25559 
193 56.318 67.1935 2.92133 2.52349 
194 62.2658 68.6557 0.879717 2.10011 
195 58.305 65.7539 0.197687 2.61328 
196 60.1204 67.5887 0.637806 1.85049 
197 57.2771 68.2982 2.17016 2.04078 
198 65.9831 69.0048 5.19197 2.29743 
199 69.2402 68.4762 2.62715 2.33743 
200 63.8954 63.3829 3.62553 3.12902 
201 65.7875 65.7183 5.99996 3.07648 
202 30.2499 34.9083 11.042 2.83695 
203 32.4739 36.3685 14.0053 2.06724 
204 30.3914 36.5446 10.5527 2.00743 
205 34.7982 35.9342 9.34891 3.2944 
206 36.0395 32.7823 9.80481 1.12182 
207 36.3702 36.501 7.26007 2.8625 
208 40.9441 32.8589 9.11509 2.18744 
209 42.61 35.5115 9.65005 3.02559 
210 40.8105 35.171 12.4348 3.34881 
211 47.5643 33.1208 7.12971 2.18833 
212 46.0387 31.7716 7.29439 2.20398 
213 49.4243 31.7656 8.60411 2.2309 
214 48.1868 31.2249 7.51115 1.5631 
215 46.0898 34.7236 10.0025 3.19766 
216 48.002 30.9779 12.5482 2.40903 
217 48.8577 32.3837 11.6247 1.3839 
218 54.0137 30.8572 12.1755 2.12533 
219 56.0917 32.0655 13.4132 1.75586 
220 54.5257 31.9906 13.6181 2.24496 
221 56.8955 34.133 7.83275 2.12152 
222 61.6429 31.4131 8.61259 2.97435 
223 57.453 35.6013 8.36616 2.78848 
224 57.2 34.57 9.66484 2.51381 
225 61.6367 32.7508 10.4782 1.62744 
226 65.9879 30.3406 7.09001 2.40065 
227 67.4053 34.0153 9.82976 3.21354 
228 69.8063 31.0715 12.1621 2.36577 
229 68.3856 35.934 13.7717 1.84319 
230 68.7161 35.5112 13.3521 2.06469 
231 67.2104 35.864 10.5933 2.47496 
232 30.452 39.2168 12.8259 3.3549 
233 41.8749 42.9856 8.9253 2.47364 
234 37.156 42.5058 7.28393 3.23458 
235 40.6116 39.734 11.5111 2.87937 
236 43.2196 42.3434 11.3916 3.55502 
237 36.9361 41.6887 8.95518 3.50804 
238 46.8526 39.2704 8.697 2.90791 
239 48.44 39.6187 13.2407 3.38688 
240 53.286 37.209 10.4778 1.56814 
241 50.9605 40.4462 10.06 2.86846 
242 53.6687 40.7139 10.9267 2.19809 
243 51.6929 42.086 11.6625 2.43783 
244 54.1504 38.7196 13.5824 2.25952 
245 58.4438 38.5988 7.37951 4.02246 
246 68.9055 40.0784 7.6112 2.39851 
247 65.2836 38.5658 11.7416 2.55328 
248 69.3111 37.1136 8.89325 2.69825 
249 66.7066 36.8891 11.0482 2.11351 
250 65.7195 39.9269 10.6646 2.10388 
251 67.6474 41.0265 11.6886 1.92149 
252 30.3775 47.7149 7.71202 1.9928 
253 35.9741 45.0204 8.001 2.69055 
254 35.588 46.3621 7.46459 1.32471 
255 36.4167 47.9815 10.5342 1.78414 
256 37.6693 47.9932 11.8461 3.34133 
257 43.0193 49.0352 10.909 3.43485 
258 37.7308 45.4441 9.42838 3.05942 
259 41.3668 47.0741 11.5632 2.82159 
260 39.4349 47.771 12.0299 2.62674 
261 36.8793 46.0167 10.8282 1.00006 
262 37.514 49.8103 9.12463 3.06924 
263 38.6471 45.1471 11.6574 1.62242 
264 49.1412 46.0485 9.44911 2.77027 
265 46.2129 43.7053 13.0507 3.22986 
266 45.4128 45.5432 7.41923 2.25708 
267 48.9104 45.0579 13.5752 3.35281 
268 44.7683 48.1349 9.07805 2.19708 
269 44.0895 48.8976 12.3292 2.71907 
270 52.6147 47.0503 8.26158 2.54092 
271 50.692 44.8503 9.82855 1.70275 
272 54.312 46.3048 9.59931 2.86241 
273 53.5831 43.8551 12.3999 3.19896 
274 59.4919 46.9673 12.4684 2.81004 
275 58.8348 45.3634 9.13445 2.09648 
276 60.6244 48.5558 14.1243 3.2121 
277 65.302 47.2931 10.5729 3.21816 
278 68.8095 46.8211 7.54023 2.86725 
279 64.7861 45.7444 11.7602 2.13155 
280 69.0043 46.5091 10.5702 2.53788 
281 67.524 48.6353 13.1789 2.0554 
282 66.4189 46.3203 11.8347 2.83175 
283 64.2097 47.8256 12.4561 3.46302 
284 31.5801 52.2568 12.7147 2.24672 
285 39.4376 54.0711 7.527 2.9287 
286 41.9459 53.9695 8.56893 1.75845 
287 38.6867 55.3139 10.647 2.93368 
288 38.67 55.8513 13.4941 1.66542 
289 42.3944 50.862 11.1661 2.92314 
290 43.1001 52.2209 7.8474 2.36078 
291 37.9538 54.0482 14.0905 3.32002 
292 36.8406 55.761 11.5063 2.21306 
293 48.7353 52.3048 10.332 2.59794 
294 45.2354 51.1082 8.89238 1.94391 
295 48.2939 50.3997 9.17208 1.59322 
296 46.6934 50.1492 12.7953 2.92835 
297 46.1993 56.1882 10.858 2.29636 
298 52.7454 55.9636 8.06807 3.11397 
299 55.7693 50.9684 7.48036 2.59461 
300 53.9561 52.3692 9.07008 2.11612 
301 55.3445 54.4499 10.0387 1.92592 
302 51.0947 51.0708 12.2607 3.31985 
303 54.7012 56.2499 12.0022 2.7287 
304 50.6621 50.2448 10.7602 1.61722 
305 56.6113 50.2957 13.0357 1.55024 
306 55.9472 54.6167 12.7749 2.56241 
307 53.9239 50.3925 13.4749 2.18768 
308 63.1645 55.7898 8.62997 2.22934 
309 60.7336 52.1367 7.10089 2.57025 
310 62.495 50.075 8.39235 2.58929 
311 58.2287 51.7794 9.27815 2.39761 
312 59.3908 50.7066 13.796 2.92263 
313 59.396 56.078 13.7891 1.19467 
314 59.5923 53.6908 10.9198 2.58618 
315 59.552 54.7548 9.70561 1.74441 
316 65.1241 55.2083 12.228 1.82707 
317 65.9611 51.5142 7.63799 3.41134 
318 36.0126 56.7216 7.99824 3.42863 
319 34.0102 56.7875 10.9762 3.0436 
320 33.9473 62.0822 7.5902 2.01365 
321 30.587 62.9775 9.82886 1.56182 
322 30.5323 56.8723 13.2323 3.44006 
323 40.1348 61.5046 8.1455 2.56223 
324 39.7414 59.478 9.08369 2.66097 
325 41.7444 62.3364 11.8271 2.89441 
326 38.3866 62.6509 9.46348 2.04999 
327 41.2496 62.6136 13.5744 1.90217 
328 40.3989 58.9247 12.0599 3.02272 
329 38.1776 57.3452 13.8267 2.00647 
330 46.7173 57.1458 7.76201 2.95331 
331 44.4072 58.0331 8.78979 2.1852 
332 47.9504 61.0197 7.45161 3.14886 
333 48.2092 60.4856 10.5781 2.62333 
334 45.0415 58.3987 11.8544 1.8958 
335 53.9891 56.9282 9.66097 3.03615 
336 51.6944 61.1552 12.9524 2.69475 
337 55.7823 60.9386 9.00503 2.83302 
338 56.5086 56.7448 8.96651 1.85018 
339 51.3378 61.0902 13.0742 2.82858 
340 62.0373 62.8969 9.54239 2.81806 
341 60.3184 62.5041 7.13683 3.0899 
342 58.1638 59.8645 12.3094 2.75103 
343 67.6158 62.3855 7.15832 2.87423 
344 67.1386 59.3794 7.92824 3.10984 
345 63.7927 57.1481 13.9132 2.65849 
346 66.4986 57.1937 7.17381 2.90725 
347 66.8861 59.1006 12.6696 1.97411 
348 65.871 59.5412 9.35795 1.60643 
349 33.1342 65.03 9.75185 1.49906 
350 30.899 64.9788 10.0252 1.89581 
351 31.3389 65.8719 13.5177 3.01312 
352 34.1858 67.3898 10.5489 2.28367 
353 31.0237 63.7061 13.3643 1.83298 
354 33.135 66.6148 13.8782 2.40957 
355 41.1541 63.9311 7.81974 2.87285 
356 38.3791 68.6454 11.8187 2.09605 
357 49.9526 67.0824 7.34862 1.93809 
358 43.6894 64.1619 11.1654 2.50234 
359 47.0959 67.9484 9.03085 2.3998 
360 44.9872 68.3791 10.3711 3.27103 
361 46.9393 68.5211 12.1077 3.3179 
362 46.7462 65.3628 11.8958 2.7749 
363 49.2328 67.3649 10.6268 2.07897 
364 51.8418 66.6165 7.2653 2.13826 
365 52.8103 65.4463 9.54242 1.83852 
366 51.4461 64.1304 13.7645 1.78897 
367 54.37 67.2615 11.2599 2.20923 
368 56.8888 69.8467 9.85141 1.5254 
369 62.8864 64.6394 10.8464 3.27195 
370 60.1063 67.05 9.54189 2.50983 
371 58.4616 64.3827 9.06109 2.68102 
372 60.3928 63.8923 10.4662 2.70542 
373 61.3864 69.5745 9.65004 2.63943 
374 57.7664 67.8048 12.4463 2.22647 
375 67.283 69.8533 9.28774 2.87848 
376 65.5942 68.6656 13.656 3.03676 
377 65.9793 69.3309 12.6656 2.89293 
378 68.6663 66.6649 8.88922 2.57574 
379 68.3765 64.2026 12.4734 1.9266 
380 64.7312 65.3022 7.15081 2.9727 
381 67.3035 69.82 12.627 2.64068 
382 33.8297 30.4776 15.2342 1.79613 
383 36.3345 35.6485 16.9858 1.53633 
384 34.3309 31.8204 18.445 2.29154 
385 30.1507 34.1644 14.9894 2.72927 
386 31.5093 30.8692 17.8645 3.19793 
387 34.9577 32.5552 14.6224 2.76472 
388 32.1695 36.1313 14.9011 2.5004 
389 33.6321 34.7023 19.1636 2.76098 
390 33.0661 35.6853 20.7684 3.39779 
391 32.3882 33.2842 19.9661 1.75592 
392 38.8368 31.2534 16.9785 2.49106 
393 37.47 36.4816 17.5537 2.38386 
394 36.8452 33.3579 16.6062 2.59983 
395 37.5083 31.6053 15.4147 3.692 
396 40.0534 30.1247 14.8425 2.23904 
397 40.1844 33.5655 20.2435 2.55501 
398 39.4457 32.448 18.6486 1.89821 
399 47.8268 34.614 15.9902 2.34954 
400 44.5819 35.8292 17.2798 2.54094 
401 49.8367 33.9682 20.2343 2.94038 
402 45.0455 30.9304 17.8565 2.41102 
403 54.346 35.9812 17.9952 2.17075 
404 54.0475 30.6407 20.083 2.54475 
405 53.4658 30.2073 17.2172 1.77949 
406 53.083 35.7809 20.0157 3.18653 
407 59.6119 32.795 15.0466 3.32057 
408 58.506 36.4348 18.9477 3.48351 
409 62.4627 36.6134 17.3634 1.82078 
410 60.2371 35.8099 18.4234 3.28483 
411 58.0798 31.8558 16.6591 3.18099 
412 59.0188 34.4919 14.3224 2.45909 
413 57.5035 31.1697 18.722 2.7256 
414 56.9262 34.4033 20.4331 2.5309 
415 65.2901 36.0058 15.9885 2.1049 
416 68.7244 32.2432 14.2184 2.48788 
417 64.0178 30.7295 16.2808 1.92093 
418 65.6596 35.7649 17.6847 1.78465 
419 68.4948 31.2551 15.6751 2.74715 
420 36.3822 38.2107 16.6544 2.67881 
421 30.8266 42.2554 18.982 1.94591 
422 35.2429 37.2405 17.2352 1.51436 
423 35.9945 41.6968 17.6923 3.27555 
424 34.2341 38.1868 19.1976 3.04216 
425 39.7767 43.2894 18.5506 3.1662 
426 38.935 40.3632 20.7224 1.60569 
427 46.4079 37.4511 15.3398 3.48078 
428 48.4349 37.8834 21.1007 2.89566 
429 49.2982 43.2722 20.1476 2.67858 
430 46.2363 43.2142 17.6146 1.31842 
431 49.7683 40.0382 20.6781 1.83446 
432 55.9879 39.6385 21.2391 2.41643 
433 53.1962 40.8423 21.241 1.96475 
434 50.9835 40.637 17.7223 1.79393 
435 57.2639 38.4626 15.4365 3.69003 
436 61.5185 37.6443 14.3337 2.25504 
437 63.0985 41.9073 16.7535 1.20036 
438 59.46 40.5903 17.6412 2.53911 
439 59.0866 40.4973 18.7354 2.43993 
440 64.1134 39.1771 15.9448 3.31871 
441 68.7446 36.7608 15.8506 2.90241 
442 65.0771 41.7022 14.4136 2.89868 
443 69.0753 41.4097 20.8369 2.3505 
444 36.307 46.9224 19.0908 3.23548 
445 32.406 43.7187 18.7284 2.96299 
446 30.647 44.0676 15.9904 2.22474 
447 32.6797 48.721 16.0251 2.69243 
448 35.4386 48.0618 20.6229 1.9331 
449 31.9045 47.4661 19.5145 1.83132 
450 35.986 43.7508 19.7912 2.76169 
451 31.8774 47.2682 19.8953 1.58763 
452 37.8045 49.9266 14.6389 1.71249 
453 41.66 45.3677 15.9933 2.87371 
454 39.8963 48.6679 15.3551 2.18892 
455 42.5252 45.4382 16.4616 3.11295 
456 39.9749 49.7089 19.1789 2.52589 
457 37.0584 43.6624 17.6324 1.70399 
458 46.6832 48.2526 19.3666 3.17102 
459 43.9563 47.8462 18.4264 3.17154 
460 43.4145 47.1422 17.7459 2.72667 
461 48.9038 46.4157 18.5829 2.51868 
462 52.6714 43.8556 16.4607 2.97132 
463 52.6013 44.1504 14.9714 3.44029 
464 56.0914 49.4533 18.2473 2.54265 
465 55.3457 44.5451 17.5372 1.61252 
466 58.9766 46.2933 19.638 2.45636 
467 63.051 45.7708 17.3821 2.44381 
468 61.2032 45.2569 19.9625 2.70659 
469 60.5966 48.0466 19.448 3.46106 
470 60.9059 49.262 14.7063 3.58417 
471 59.1192 48.9998 18.9234 3.00605 
472 57.0233 49.1114 19.4274 2.10371 
473 69.9351 49.339 14.671 2.45314 
474 64.2179 46.97 21.1026 3.13823 
475 68.115 49.3513 19.7328 3.41688 
476 35.778 51.1263 15.1664 2.04023 
477 30.1185 50.8733 17.9654 1.65031 
478 31.3449 53.4252 15.8075 2.67911 
479 32.9378 54.7087 17.5171 2.47943 
480 34.1946 54.8015 16.306 2.14835 
481 30.0785 52.5165 14.8552 3.44429 
482 33.0215 53.4868 20.7843 2.21073 
483 32.6309 56.4392 14.4888 2.63638 
484 40.7003 50.5996 16.2596 1.69432 
485 37.4171 52.4028 20.2971 3.19779 
486 49.4985 52.7887 14.9847 2.03165 
487 48.2693 53.1664 17.9486 1.8531 
488 44.22 56.1982 15.8575 3.37322 
489 44.7981 55.6938 19.8211 2.30079 
490 52.1762 56.0099 15.5435 2.20471 
491 52.6303 50.6796 18.41 1.58392 
492 51.4724 52.3357 20.5096 1.67113 
493 50.2594 54.1691 15.9328 1.78904 
494 50.6174 53.97 14.3197 1.80875 
495 57.2269 54.5845 14.685 3.52738 
496 57.8804 52.9339 17.7293 3.17317 
497 64.3899 53.4614 16.2066 3.33886 
498 66.2175 50.5284 18.0643 2.26139 
499 68.1081 53.0595 18.8273 2.00879 
500 30.4366 56.9937 17.0363 3.06459 
501 36.1807 61.3917 15.0553 2.30282 
502 30.4391 59.7296 21.2403 3.01098 
503 30.0255 61.6302 15.3036 2.89032 
504 37.5688 56.8583 15.6547 2.75759 
505 41.8587 60.4021 16.6406 3.22067 
506 40.1172 57.2237 19.244 2.31998 
507 37.784 61.1495 15.4625 1.58694 
508 42.5332 57.5698 19.4339 3.03286 
509 38.7171 57.0618 21.0222 3.17645 
510 41.3706 59.3677 20.6896 3.20465 
511 45.953 62.1196 14.9058 3.26471 
512 46.2747 60.4916 18.1034 2.53127 
513 49.1095 59.3108 15.5716 2.13863 
514 46.7302 59.6292 15.2165 2.94948 
515 49.8854 58.29 20.8178 2.84891 
516 46.9667 60.1796 14.1945 2.83172 
517 45.9322 57.9873 20.5355 2.20091 
518 44.362 59.6778 18.1385 1.83728 
519 50.603 58.9843 14.1668 2.93875 
520 55.64 58.3423 20.4325 3.24008 
521 57.544 58.8984 18.8549 3.29003 
522 59.4713 59.6186 20.6649 2.26509 
523 68.8783 57.8492 14.6364 3.26161 
524 67.2574 63.0792 15.0072 3.43724 
525 66.1253 57.1484 17.9752 2.6741 
526 69.102 62.4779 16.2704 2.87534 
527 66.0969 62.8532 17.524 2.08545 
528 63.5951 58.3182 19.8628 1.85355 
529 64.8017 59.7126 16.2513 2.42353 
530 66.4927 58.0955 15.3316 3.72397 
531 68.9845 62.7598 18.8367 1.85224 
532 66.9148 61.2523 19.8735 2.04108 
533 68.6371 59.1951 18.0477 1.88132 
534 69.4581 58.7011 20.2966 3.3553 
535 32.0028 65.0225 17.5752 2.44459 
536 34.3138 64.2633 20.4114 2.62835 
537 33.3379 68.2172 19.8878 1.76133 
538 30.9619 69.8883 20.7538 1.60884 
539 36.4913 65.5471 19.0568 1.98699 
540 35.476 68.3553 20.84 2.6489 
541 38.4259 65.5154 17.7664 2.57309 
542 39.594 66.1466 18.7686 3.33871 
543 37.9857 66.4273 20.3542 2.59925 
544 40.2031 65.9597 19.5399 2.17867 
545 38.9476 64.8002 18.8626 1.8585 
546 48.1208 69.0496 15.7105 3.63233 
547 47.3598 65.7371 16.8453 2.07735 
548 43.3951 67.0203 18.6722 2.05886 
549 46.6623 64.5077 16.7326 1.91072 
550 44.1795 65.5121 18.8759 3.3507 
551 48.0684 65.1077 17.6922 1.76684 
552 54.6856 67.145 17.3045 1.77934 
553 54.9793 69.1303 18.3444 1.42304 
554 50.1337 65.4634 18.6856 2.0067 
555 52.5119 64.1614 14.8428 1.27244 
556 50.6006 67.7218 18.8803 2.73252 
557 59.668 67.643 17.7662 2.71715 
558 57.5246 65.6863 20.1892 2.97072 
559 59.8224 65.0624 21.0867 3.88437 
560 62.6804 66.8851 17.3248 3.02904 
561 61.4674 64.8312 20.3802 1.84303 
562 68.6585 67.5539 20.2642 2.76481 
563 68.0697 67.8422 18.3478 2.17023 
564 67.3825 67.4469 19.6103 2.89121 
565 32.5749 31.2993 26.7672 2.5218 
566 37.8228 33.5914 25.2283 2.31761 
567 41.0522 32.5928 26.1405 1.81756 
568 41.562 30.9983 22.9544 1.08947 
569 41.2972 33.6897 22.0787 1.83183 
570 46.0252 35.7208 21.8769 2.13743 
571 48.7188 31.3053 28.0841 1.43031 
572 46.1774 32.029 25.4322 3.20698 
573 45.5747 35.3554 27.4196 3.07498 
574 44.2637 34.6968 25.2563 1.4742 
575 50.2751 34.8383 24.7432 2.81871 
576 51.3503 30.887 23.6878 3.10019 
577 50.8412 33.0207 28.3129 1.99222 
578 51.5484 34.1771 25.719 3.01993 
579 60.6257 35.6386 23.444 1.66124 
580 62.542 32.5948 25.1484 3.17304 
581 58.1462 33.859 27.3153 2.63286 
582 63.1902 32.3067 21.8548 3.47712 
583 61.7642 33.0625 26.6684 2.52963 
584 59.7338 36.3878 28.0439 1.63077 
585 57.2634 36.153 24.8119 3.43793 
586 66.534 36.544 26.2725 2.70362 
587 64.8736 30.5119 24.2262 1.92692 
588 64.2764 36.5105 21.6923 3.34389 
589 66.3065 36.6355 26.8699 3.1933 
590 68.1009 31.7858 25.0919 2.25 
591 64.1154 31.727 25.4207 2.58425 
592 33.0088 38.5757 26.7041 2.46292 
593 34.2726 39.7585 23.9265 1.87503 
594 33.1239 39.7677 25.659 1.82367 
595 34.6519 39.3651 21.5042 3.38653 
596 35.2176 42.1256 23.0527 2.22709 
597 38.6458 42.2237 24.2624 3.0082 
598 37.0587 41.0068 23.908 1.78422 
599 45.8445 39.2718 22.1446 2.80092 
600 48.3977 43.0718 24.8494 3.52344 
601 49.4358 40.449 25.5073 2.37345 
602 48.3501 39.8916 25.9312 2.84817 
603 45.8786 38.2823 24.9586 2.33552 
604 49.4177 42.7816 25.5962 2.18024 
605 46.3048 41.4235 27.0508 1.77602 
606 48.7653 43.2732 26.748 2.89589 
607 49.3309 39.1758 22.0443 2.38093 
608 54.9633 41.6811 21.8258 4.02437 
609 54.7661 41.0247 24.249 3.43517 
610 55.7131 38.7492 26.8837 2.58639 
611 56.3332 40.4531 25.6743 1.50941 
612 59.517 39.8649 21.7951 3.0025 
613 63.246 41.3781 24.4995 1.95262 
614 57.2708 38.0838 27.624 1.69799 
615 62.1477 38.8402 23.0346 3.06814 
616 66.1856 39.7143 22.412 3.34336 
617 66.0638 40.6849 24.6974 2.22441 
618 64.1211 38.9085 24.3664 2.35633 
619 65.9235 42.4635 21.3063 1.82055 
620 67.416 39.7421 24.44 2.65001 
621 69.5666 42.5457 27.6227 1.95666 
622 38.9363 49.3156 23.2511 2.36038 
623 36.7117 46.5064 26.892 1.33081 
624 39.7654 49.3296 22.0547 1.69902 
625 40.2673 44.5918 28.0622 2.90988 
626 49.08 49.3846 21.2704 2.46587 
627 48.7899 47.8222 25.0129 2.3261 
628 48.1225 43.7649 27.7459 2.61128 
629 45.5337 44.994 24.4258 1.94939 
630 46.8106 44.482 28.0995 2.29263 
631 47.4005 47.6324 22.0746 3.60091 
632 45.1147 44.1046 28.226 2.6221 
633 43.9525 43.6847 24.6246 2.56222 
634 46.6429 49.9881 27.9399 2.43152 
635 46.481 46.8876 27.1213 1.49941 
636 47.0659 45.9494 28.2938 2.04086 
637 51.4264 48.0291 25.1297 2.73254 
638 53.6635 45.9018 23.629 2.39394 
639 54.6214 43.6356 24.1588 3.04546 
640 59.2442 48.335 26.7774 2.79886 
641 56.882 48.9579 23.9636 1.75206 
642 62.255 46.7865 24.314 2.30072 
643 59.9638 49.5736 23.3276 1.58131 
644 68.4874 46.0547 22.7563 2.43002 
645 64.6411 47.5614 24.5007 2.71983 
646 69.8478 45.8169 22.41 1.7754 
647 64.716 44.14 25.8158 1.98373 
648 66.324 43.4922 24.9598 1.78101 
649 69.2653 49.5689 26.2385 2.32576 
650 67.6061 48.5882 24.4423 1.98616 
651 35.9815 50.4446 22.3599 2.26738 
652 34.4283 56.5675 24.8932 2.18242 
653 32.8882 50.0205 21.9552 3.27295 
654 36.279 51.7915 23.8382 2.81201 
655 34.5714 53.0845 25.6439 1.82304 
656 31.2418 53.3266 22.538 2.50228 
657 38.5726 56.2513 27.6942 1.57047 
658 43.204 50.1618 22.347 3.28737 
659 42.3667 51.5302 25.9402 2.06828 
660 44.4887 52.2362 21.4992 1.77638 
661 44.414 50.6393 23.6957 2.81097 
662 46.7789 51.1176 24.7849 2.69023 
663 56.1253 52.0384 25.3887 2.43951 
664 55.2566 54.9828 26.4045 3.22573 
665 53.8551 54.931 26.9027 3.57283 
666 59.6021 53.7428 23.9682 3.95261 
667 57.0375 50.9885 23.8099 1.53333 
668 58.589 51.3105 26.5538 2.50018 
669 62.5626 50.5406 26.9199 2.99496 
670 60.9463 54.4103 25.7906 1.94965 
671 67.25 50.6151 21.4411 2.1613 
672 67.4343 50.224 23.7457 3.77775 
673 67.2873 53.7323 21.3648 2.38374 
674 64.132 54.1243 25.2503 2.16284 
675 65.4186 51.8849 26.7829 3.67391 
676 68.792 51.7677 24.1031 2.47061 
677 31.6397 62.885 21.6904 2.5323 
678 31.8726 57.6771 25.4663 1.55412 
679 35.2939 59.8302 21.679 2.74002 
680 37.3825 62.7823 23.1954 2.06655 
681 37.1766 58.5097 23.9808 2.99504 
682 40.1974 57.3661 24.9924 2.28209 
683 41.5184 58.6584 26.6465 2.1821 
684 37.5866 56.9114 22.4598 1.77551 
685 43.8319 61.3013 23.1467 2.38928 
686 47.1315 58.9672 25.4574 2.75896 
687 45.4136 61.788 26.4826 3.04554 
688 47.7404 61.1475 21.906 3.3849 
689 45.668 61.1634 24.3646 2.78032 
690 51.7746 59.8302 24.7592 1.97978 
691 55.8722 63.0261 25.0255 3.10432 
692 52.799 62.9623 25.8601 2.62875 
693 54.5869 59.3463 24.0321 3.30183 
694 56.1917 59.7881 23.364 2.02827 
695 52.0255 62.4082 24.4507 3.13253 
696 50.0889 62.0882 27.8263 2.67982 
697 62.8713 60.6472 27.2282 2.56615 
698 57.4731 63.0622 27.7741 2.89775 
699 63.2194 59.4156 24.4303 1.83833 
700 58.2128 61.1051 28.3244 1.81215 
701 60.3628 57.4932 27.5513 1.70643 
702 63.1619 62.4494 24.2274 3.33236 
703 57.1244 58.113 25.8283 2.11082 
704 69.7418 60.7787 21.9846 2.62483 
705 64.7532 59.6372 28.2212 3.64378 
706 63.9614 62.9368 28.3065 3.15566 
707 66.3538 61.3466 22.431 1.66182 
708 68.1952 61.6722 26.4704 1.43901 
709 32.6681 69.874 22.5232 1.58658 
710 31.2641 65.8239 26.0708 3.61317 
711 35.6413 69.8412 23.2387 2.79581 
712 33.2913 66.0244 25.1367 2.92289 
713 36.0602 67.3011 24.0431 1.19399 
714 37.7671 64.4777 25.7749 1.99901 
715 38.5062 66.0018 26.6958 2.02475 
716 38.6439 64.891 25.1937 2.96738 
717 38.6665 68.0283 28.294 2.20053 
718 43.9618 66.5905 22.2026 3.30185 
719 43.9251 69.1948 27.3525 2.20512 
720 45.2789 67.5508 24.8741 3.09265 
721 52.0759 66.5304 26.762 2.96265 
722 55.1238 63.7369 24.1107 3.26316 
723 53.8249 66.8315 24.5834 2.53439 
724 51.947 67.6073 27.2796 2.87231 
725 54.9649 67.2264 27.8333 2.68267 
726 54.2917 64.9387 26.7653 1.38044 
727 57.1373 64.1976 25.5706 2.96148 
728 57.1063 65.6018 25.8518 3.19986 
729 58.1296 65.4477 26.4275 1.47554 
730 64.5976 63.497 22.6895 2.95532 
731 66.3469 66.0056 24.1078 3.4075 
732 63.8019 69.0265 25.5194 2.49952 
733 64.8123 63.4388 27.91 2.46671 
734 36.5508 31.2559 29.5244 3.03155 
735 33.119 30.111 29.7327 3.62644 
736 42.5842 33.6716 28.3543 2.24027 
737 40.2848 34.6712 28.6069 3.05016 
738 42.5555 35.0759 33.7419 2.68685 
739 39.2247 36.0157 30.6967 2.72365 
740 48.4514 35.0721 28.8767 3.15959 
741 49.5937 31.0448 32.956 2.51764 
742 49.9968 36.1962 32.3925 1.89246 
743 48.5385 30.6507 32.95 1.70009 
744 53.7691 35.2707 32.3451 2.73651 
745 54.8585 35.7004 31.726 2.5263 
746 55.2329 33.7301 34.2321 2.87111 
747 62.0676 31.0652 30.9317 2.05899 
748 60.3301 33.7027 33.2466 1.9163 
749 62.6484 31.4604 34.1271 3.10836 
750 68.8164 35.7098 32.5757 2.2616 
751 69.3371 31.8694 28.5285 2.77908 
752 66.2559 30.3365 35.0381 2.87265 
753 65.7634 33.8323 33.223 1.72628 
754 67.1785 36.3336 33.9323 2.75714 
755 32.0979 42.6116 29.2761 1.80821 
756 30.5548 43.1934 30.3524 2.91289 
757 30.1257 42.4409 30.3949 2.68291 
758 37.0674 41.9123 32.8508 2.5965 
759 37.113 41.5149 31.5549 2.57028 
760 38.7716 38.8175 32.8631 1.82886 
761 46.0724 42.435 30.3407 2.01675 
762 45.9179 41.6654 30.8946 1.75032 
763 48.1203 42.9899 32.914 2.52871 
764 48.7264 38.4934 29.1623 3.26369 
765 56.5484 39.0172 31.4593 2.51051 
766 54.5326 39.3553 32.4871 2.48849 
767 52.031 40.8841 32.2789 2.83 
768 54.0394 38.1083 31.9018 2.30648 
769 63.1772 43.002 30.7562 2.20387 
770 58.1566 39.7943 29.407 2.31855 
771 57.9274 40.649 30.9355 1.29503 
772 69.1032 42.0163 33.932 3.01447 
773 69.8818 40.5785 33.544 2.44381 
774 67.0847 39.0786 33.1305 2.31294 
775 65.6292 37.1049 29.6458 2.35653 
776 69.1254 36.9675 29.8853 1.72493 
777 34.163 46.4096 28.3472 3.87335 
778 33.1917 49.4951 29.7001 2.724 
779 31.5031 49.9251 31.7647 2.68269 
780 36.3809 46.0324 35.1018 2.77079 
781 38.7591 44.0756 28.389 3.41786 
782 41.4813 44.1809 28.8542 2.04011 
783 36.7294 49.5405 35.3388 2.51829 
784 38.1628 45.1119 33.3051 1.73339 
785 41.6591 44.8234 31.0724 2.01823 
786 36.9388 49.5471 33.6215 2.09038 
787 45.5142 44.2885 28.713 3.06512 
788 47.0497 48.081 29.7714 2.20946 
789 44.1059 45.2328 33.5479 3.23625 
790 46.5445 44.9885 31.4122 1.8683 
791 46.2003 48.1787 33.3023 3.19859 
792 55.7664 46.5523 29.2942 3.35711 
793 54.7844 48.7538 28.8205 3.69867 
794 50.0048 49.8852 32.9611 1.60684 
795 50.5084 43.8364 30.4477 2.2817 
796 52.4446 46.8014 32.8026 2.9597 
797 50.4019 44.2407 31.5318 1.79145 
798 57.6022 44.5281 35.2944 2.83432 
799 59.5383 43.5373 31.9087 1.90931 
800 58.9731 47.8378 30.5649 3.15016 
801 59.3095 45.1609 34.1943 3.34905 
802 69.0249 46.6367 29.9615 1.37593 
803 64.3491 49.3991 28.7311 3.75166 
804 66.5242 44.0154 33.1455 2.47831 
805 69.0288 44.3282 34.7 2.67686 
806 32.2417 52.7889 30.8832 3.15191 
807 31.5265 54.5375 32.9977 3.23062 
808 35.5374 55.4734 31.7921 2.89916 
809 31.3633 50.1134 35.281 2.81077 
810 35.2189 53.7402 32.8564 2.37287 
811 36.2881 56.6456 33.9996 2.15016 
812 37.619 55.1153 29.1264 2.96084 
813 36.9081 56.2188 34.5029 2.37709 
814 39.947 52.6572 30.327 1.89423 
815 38.3373 52.5045 30.5162 3.00804 
816 40.5244 52.6989 31.5933 2.54424 
817 39.0234 52.3475 35.1756 2.02522 
818 49.8203 55.3005 31.5728 2.69191 
819 43.9348 56.5363 31.22 2.59468 
820 47.0756 52.1116 33.6565 2.5399 
821 50.3122 50.1512 30.209 1.91451 
822 52.9253 55.7312 29.6198 3.93739 
823 55.9905 52.0649 35.2553 2.15105 
824 54.4572 56.4126 32.1341 2.71028 
825 52.8025 51.0168 34.7681 1.4901 
826 53.8929 54.1734 34.1064 2.69919 
827 51.8178 50.8957 28.5955 1.47703 
828 59.5757 55.6764 32.5623 2.04742 
829 60.4509 55.261 31.4128 3.00602 
830 63.9298 56.1349 32.5779 2.66079 
831 67.9672 52.379 32.5372 3.97816 
832 63.5073 55.2568 35.3025 2.58541 
833 41.1143 60.7861 31.6448 2.34894 
834 38.8801 60.2267 35.0179 2.1856 
835 44.3507 56.6908 30.7973 1.75014 
836 44.5366 61.8961 31.3247 3.35783 
837 47.955 60.217 33.2484 3.13232 
838 49.3542 60.249 29.245 2.15847 
839 47.0605 63.0832 35.0475 2.39708 
840 47.6561 57.0081 34.7026 1.20546 
841 52.7503 61.6922 31.1784 1.84474 
842 56.6294 59.8419 29.9188 2.88339 
843 55.5677 59.6428 31.166 2.85048 
844 57.3646 60.2987 29.9899 2.20316 
845 62.7228 58.3608 29.4935 2.9207 
846 60.7098 62.6483 30.1304 2.12831 
847 58.9982 62.3408 34.5857 2.60428 
848 64.0001 63.2473 31.3727 2.1788 
849 63.4059 57.0351 32.5479 3.36608 
850 65.0661 59.2733 35.0439 2.17146 
851 34.7178 67.2853 32.6108 1.70551 
852 34.1619 64.902 28.7102 3.10633 
853 31.9411 69.7107 31.3685 3.38358 
854 33.0377 69.9247 34.2163 2.94449 
855 33.0087 64.2434 31.7533 2.26531 
856 30.0475 65.1526 31.5814 1.2709 
857 30.5143 68.4064 32.4929 2.55685 
858 41.5183 68.5819 31.8569 2.97054 
859 41.6978 65.2655 32.1742 1.65077 
860 38.5076 68.8767 32.3803 3.46386 
861 37.3598 65.1264 34.3068 1.40737 
862 42.1202 67.0528 29.3758 2.08661 
863 36.9411 67.1247 34.085 1.97348 
864 47.5429 68.0499 35.3997 3.34889 
865 48.6714 66.4708 32.5775 2.47282 
866 46.6515 68.705 33.8295 2.44181 
867 46.2015 65.9031 30.2097 3.06752 
868 44.1615 65.9203 35.1839 3.52835 
869 53.6732 65.1112 30.2949 3.31317 
870 53.4199 66.2778 30.1787 1.95461 
871 52.9822 68.4166 32.92 2.54089 
872 52.2153 68.0247 35.2693 2.85875 
873 62.9938 69.7528 31.0141 3.43548 
874 58.2614 67.211 30.3841 2.07798 
875 58.8817 68.1219 33.0191 3.04412 
876 57.1909 66.8604 34.8837 2.53257 
877 62.8572 67.1966 35.1437 2.53974 
878 64.3999 63.6857 28.6392 2.37271 
879 63.6116 68.6894 32.5052 2.59442 
880 64.5692 64.5623 32.0156 1.96064 
881 69.019 67.1376 32.3685 2.09701 
882 64.0274 69.6401 34.8018 2.70552 
883 69.8381 63.4074 33.0183 2.00903 
884 32.2583 36.4788 38.1837 1.91275 
885 34.4481 32.615 36.2558 1.35414 
886 35.4778 33.9459 40.4928 3.29901 
887 36.0514 30.0281 39.2942 2.31039 
888 38.7238 34.4334 36.1647 3.39908 
889 43.0223 30.8763 35.8408 2.33957 
890 40.4488 30.3907 39.5415 2.97418 
891 40.1194 35.243 37.576 2.33836 
892 46.8381 33.6567 36.34 2.19107 
893 45.4532 36.1697 38.3197 2.87481 
894 47.7502 32.3247 41.141 1.95548 
895 53.4514 34.1955 38.3987 3.22926 
896 53.1389 30.3502 35.6716 2.12736 
897 55.7411 31.9546 38.0135 3.61657 
898 56.3506 35.5028 41.2878 2.66798 
899 50.6675 34.1699 41.7323 1.28795 
900 54.6 34.1436 41.3905 2.64254 
901 53.8802 33.771 40.394 2.60928 
902 52.3276 34.1411 36.0418 1.30451 
903 61.672 33.9766 39.5043 2.6722 
904 56.8464 36.0197 38.2815 2.81103 
905 58.3605 33.3459 37.2995 2.73926 
906 60.7323 33.8738 41.0613 1.79958 
907 69.8481 31.1032 36.5465 1.64267 
908 69.1468 33.805 36.3765 2.33031 
909 67.7635 30.0588 41.86 2.16409 
910 63.6833 32.3131 38.5206 2.48061 
911 31.6401 39.4659 37.4441 2.62203 
912 35.0551 40.3382 35.9338 3.95026 
913 33.2613 42.5157 38.902 2.06711 
914 31.034 40.04 38.3162 3.57131 
915 34.1074 37.0805 41.5822 3.12827 
916 41.4865 41.1167 39.9496 3.28391 
917 42.3663 40.062 39.3278 1.93111 
918 39.3245 40.4922 41.6662 2.81116 
919 47.0635 42.8143 35.7473 2.54024 
920 49.1009 40.468 41.3856 1.24749 
921 48.7046 40.1264 41.7736 2.20433 
922 46.0228 37.8878 35.671 1.99449 
923 51.2616 38.9439 38.8535 2.25196 
924 51.1625 39.1892 36.1225 3.08247 
925 54.9937 38.8675 39.8261 2.6329 
926 55.4529 38.6046 40.6794 1.80006 
927 55.2037 40.8124 41.4495 3.33918 
928 50.5072 38.6711 41.1354 2.5617 
929 60.0331 42.6749 38.2364 2.25772 
930 60.2146 42.6905 36.6167 2.81152 
931 60.2123 41.4784 38.3304 1.53544 
932 63.028 39.2801 39.9223 2.96567 
933 64.071 41.4626 35.4895 3.02683 
934 67.2357 40.718 35.4798 3.33825 
935 33.0677 44.3383 41.45 2.72193 
936 35.5071 46.9712 38.1436 2.36272 
937 32.0853 43.974 35.6978 2.54751 
938 32.5367 49.8157 38.0487 2.92165 
939 30.6834 43.7928 41.9546 2.85905 
940 43.1069 49.3822 39.1997 2.50617 
941 39.8866 46.693 39.0499 2.93407 
942 40.9862 45.1618 39.1907 1.95049 
943 40.8647 49.3664 39.526 2.40309 
944 41.1108 45.7562 41.0287 2.38157 
945 44.0676 46.4086 36.8874 3.34172 
946 47.0172 47.512 38.8718 2.9805 
947 43.4738 48.0614 37.5925 2.90143 
948 48.337 44.392 37.6774 3.28022 
949 49.0984 47.226 39.989 2.53304 
950 44.572 45.9707 42.337 1.83448 
951 55.6506 46.3948 39.5364 2.8445 
952 54.5719 48.8729 37.4348 2.99312 
953 56.3383 47.7627 39.2099 1.5503 
954 54.3159 49.9481 41.6417 2.46157 
955 63.0137 47.0913 38.2539 2.9013 
956 61.1214 46.3361 42.395 2.93784 
957 59.0071 46.8951 40.3443 1.59879 
958 62.1567 47.495 39.5512 2.83715 
959 59.8608 44.826 42.2181 1.36879 
960 56.7751 47.9227 42.2632 3.36424 
961 68.1163 48.7122 35.5734 2.20577 
962 69.7518 46.4515 35.4603 2.84102 
963 65.9924 49.6288 35.9449 2.61674 
964 68.1045 43.6826 39.9151 2.5552 
965 69.1023 44.6444 37.2648 2.37266 
966 66.7289 44.5375 42.4946 1.94645 
967 63.8909 44.3118 39.5681 2.18234 
968 68.6441 47.5661 40.6397 2.83085 
969 67.9869 48.7339 39.2754 2.22485 
970 35.3166 53.1982 35.7357 3.35681 
971 32.6096 55.7104 36.0441 2.06853 
972 30.1037 51.019 38.3741 2.59413 
973 36.0452 51.5014 39.5817 2.60626 
974 38.6674 53.7524 41.8486 2.71868 
975 37.6705 52.5223 35.7269 2.66455 
976 42.2227 54.8398 40.861 2.20266 
977 40.7082 53.1645 37.5377 2.40564 
978 42.5918 56.127 39.8428 2.27066 
979 38.5425 55.1849 42.4905 3.57198 
980 49.4064 52.0279 35.8721 2.2002 
981 44.4175 55.8244 38.2955 2.91467 
982 48.4435 55.8712 39.0186 2.50264 
983 47.9292 54.0358 41.5684 2.15094 
984 44.5328 55.541 40.2086 1.52277 
985 55.4777 53.1816 40.3645 3.37642 
986 53.4247 53.6891 40.2598 2.393 
987 50.9903 52.3455 35.8734 2.28385 
988 50.4072 50.4973 37.589 3.26761 
989 52.5678 56.4227 38.5957 2.41696 
990 53.5084 50.4254 37.6849 2.08769 
991 59.2849 54.7328 35.8713 1.99187 
992 63.2398 53.4685 37.5661 2.62284 
993 57.4661 54.0419 36.9891 2.14562 
994 66.0033 51.1248 35.7753 2.503 
995 65.7705 52.3847 36.4018 2.41306 
996 68.7347 54.0359 38.0232 2.94037 
997 66.8938 51.2545 38.1155 3.36405 
998 66.588 53.139 39.3989 1.55662 
999 63.8365 51.6324 40.6232 3.45134 
1000 30.7005 58.9161 36.3224 1.59332 
1001 35.007 59.0281 39.252 2.17868 
1002 36.6031 60.5879 42.1539 2.80764 
1003 39.579 56.6875 41.7562 2.77877 
1004 40.0694 60.0872 39.8558 2.2438 
1005 39.0365 60.2878 36.5056 4.21646 
1006 39.8199 59.5785 41.9668 1.98662 
1007 43.0768 61.244 40.3573 2.70129 
1008 45.3832 62.5819 35.435 2.89428 
1009 49.6084 56.9676 41.3759 2.07809 
1010 48.5356 56.9905 42.1889 2.62638 
1011 49.847 62.9774 35.9339 3.19354 
1012 44.1127 62.9299 40.6321 3.47495 
1013 47.0287 58.0663 40.3628 2.5624 
1014 51.3488 58.0926 36.4254 2.23393 
1015 56.2884 61.7071 39.7836 2.47727 
1016 60.7587 62.3514 36.5936 2.32029 
1017 57.209 60.1949 37.2683 3.06303 
1018 60.8298 61.7284 40.4184 2.85988 
1019 57.0248 58.3454 37.5141 1.87414 
1020 57.9143 57.8702 37.7434 1.89299 
1021 66.8302 61.7006 35.435 3.43721 
1022 66.4015 57.4165 37.2348 1.5537 
1023 68.4982 62.3898 38.9435 2.46892 
1024 65.9927 59.2961 40.0336 1.71044 
1025 67.8682 58.4207 40.7759 2.65509 
1026 66.8801 60.3263 38.8839 1.87812 
1027 35.7068 67.0139 36.2626 2.48961 
1028 31.9238 64.5616 37.8647 2.87975 
1029 32.4674 65.9527 40.9079 2.18738 
1030 38.2529 66.0972 40.4493 3.32387 
1031 42.6024 65.3548 35.4894 2.3621 
1032 42.2972 69.4158 36.911 1.59745 
1033 41.2386 67.1551 37.4719 1.46877 
1034 47.1324 64.7134 35.8023 3.17417 
1035 44.5826 67.6941 36.7529 3.36475 
1036 44.6126 66.5983 41.5779 3.04121 
1037 49.017 65.7158 40.2481 3.29464 
1038 47.387 68.808 41.3822 3.12432 
1039 51.5719 64.4465 36.4953 1.76495 
1040 50.1212 65.6012 39.2082 3.07547 
1041 53.2873 68.7602 41.7551 2.56036 
1042 50.6105 68.0686 36.9478 1.3423 
1043 60.2619 66.9416 37.3844 2.73753 
1044 61.9116 64.9137 35.9183 2.63067 
1045 61.616 68.7523 36.3159 3.92047 
1046 58.42 64.6588 37.9715 1.47643 
1047 63.0836 68.7786 41.6274 3.11999 
1048 62.4589 67.0135 41.9311 2.74696 
1049 68.7024 64.5664 38.5151 3.09638 
1050 63.8716 64.409 39.2071 1.45874 
1051 69.4035 64.6197 36.0148 1.97719 
1052 65.6006 67.997 42.4325 2.87507 
1053 67.1434 65.9998 41.5731 1.82043 
1054 68.4706 67.9097 40.5899 1.64009 
1055 33.7867 35.2609 48.0091 1.86123 
1056 35.8434 35.4121 45.1002 2.11914 
1057 36.3416 30.6681 44.4252 2.05069 
1058 40.3534 32.1125 44.4473 3.33216 
1059 43.2899 33.5899 42.8077 1.96057 
1060 39.9256 35.6871 44.6996 2.81038 
1061 41.9965 32.2189 45.1683 2.95406 
1062 36.9662 34.1197 49.2337 2.44895 
1063 43.0499 32.2205 45.1721 2.91106 
1064 49.8587 31.1365 45.0292 2.62499 
1065 48.1257 33.6095 44.213 2.62992 
1066 43.5769 30.9465 43.5509 2.83951 
1067 47.0964 30.4017 46.9986 2.63654 
1068 49.3912 32.0176 47.6239 2.54259 
1069 53.6262 32.0455 42.997 3.06986 
1070 53.8773 33.8021 46.2929 2.73263 
1071 51.744 35.0129 42.8668 3.44044 
1072 60.6859 30.4394 42.6663 3.37315 
1073 57.4658 34.2417 43.6753 2.67563 
1074 59.1353 34.3042 47.5656 2.69043 
1075 64.3314 34.9042 45.9449 1.95531 
1076 66.6995 32.7247 48.6293 2.4822 
1077 68.9822 32.6273 45.5853 2.74453 
1078 68.0909 33.2377 48.1196 2.85254 
1079 31.0256 37.5172 46.5767 1.49398 
1080 30.124 39.8538 44.3423 3.57489 
1081 38.3752 37.2356 48.4782 2.86922 
1082 45.8679 40.768 44.5372 3.6485 
1083 47.3099 42.0748 43.4248 3.64008 
1084 49.0846 37.5319 46.3777 2.12686 
1085 46.1281 38.6872 47.0785 2.63694 
1086 44.9572 40.7706 47.0817 1.96779 
1087 44.102 43.0017 46.6394 3.14907 
1088 44.4147 43.217 42.9368 2.19587 
1089 48.5149 41.3398 46.2053 3.04221 
1090 47.7336 43.0533 49.3674 2.34332 
1091 52.9502 39.228 43.6478 2.62119 
1092 51.1832 41.189 43.8321 3.26795 
1093 50.3221 39.49 45.6768 2.78813 
1094 56.4738 38.1585 48.3339 3.08195 
1095 51.738 42.2158 48.9995 2.69189 
1096 61.0538 43.0265 43.801 2.40527 
1097 60.6017 40.0269 46.3123 2.25451 
1098 62.9655 40.871 44.4233 3.46952 
1099 58.5382 36.8489 48.0012 2.29713 
1100 59.4713 39.8528 42.8095 2.26356 
1101 65.5714 40.8051 43.9722 2.87536 
1102 64.2127 36.7826 48.2726 3.18035 
1103 67.7577 42.084 44.8362 2.93115 
1104 34.102 46.7501 42.9134 2.61874 
1105 34.6304 46.5939 44.366 2.65042 
1106 35.3978 48.6723 44.4283 3.50494 
1107 33.5228 44.3532 49.1343 1.96056 
1108 35.6099 45.0999 48.1013 1.80269 
1109 37.8676 45.7502 42.6676 3.25929 
1110 38.1382 46.956 46.0154 2.93377 
1111 40.2327 47.6146 48.1945 1.70298 
1112 49.3161 47.2461 44.308 2.66763 
1113 48.2267 47.7052 44.2785 2.73259 
1114 43.7836 49.1403 47.4265 1.86169 
1115 43.9768 45.169 43.9377 3.02653 
1116 46.5806 47.8283 49.1953 2.91709 
1117 44.796 43.5841 44.2811 3.29621 
1118 53.6689 46.2711 44.2937 4.31181 
1119 55.9573 48.6337 45.6829 3.11887 
1120 56.997 45.9413 42.8316 1.74208 
1121 59.135 47.3907 44.9301 3.41532 
1122 62.7057 48.7743 45.8438 2.28803 
1123 62.642 47.4098 46.6909 1.52017 
1124 61.9984 48.6896 48.7171 2.50238 
1125 62.8014 43.7365 43.2762 1.66546 
1126 61.1845 45.2585 47.2366 2.26981 
1127 69.3795 49.2597 44.3228 1.88106 
1128 67.3404 48.8667 42.9017 2.40144 
1129 65.2758 43.8767 43.2272 2.49386 
1130 64.1613 48.6164 45.8433 1.55222 
1131 66.1005 48.6334 47.6198 2.81014 
1132 68.0521 45.6153 48.0056 2.8961 
1133 34.6206 55.458 47.9237 2.94524 
1134 32.7435 50.1474 43.9325 3.80713 
1135 30.1737 55.5129 46.9747 2.33668 
1136 32.9128 56.4605 43.5021 1.97739 
1137 30.6977 56.5989 48.4508 2.55226 
1138 34.4655 51.1509 48.7495 2.347 
1139 32.7035 55.484 48.8728 2.61675 
1140 43.3171 52.7716 46.5254 1.29109 
1141 38.1657 54.246 45.9856 3.10252 
1142 40.9095 55.1707 43.4336 1.67998 
1143 43.3903 52.7703 45.7403 1.96817 
1144 44.4116 51.9776 47.1874 2.27164 
1145 47.214 56.2364 43.9374 2.22047 
1146 43.6058 50.726 47.3971 3.58379 
1147 47.901 53.2093 48.4661 1.97415 
1148 45.2123 51.8984 48.1894 2.0782 
1149 52.0432 54.7661 42.6311 2.8172 
1150 53.6077 54.7903 45.7906 3.47935 
1151 55.7965 53.0836 45.9762 2.45655 
1152 50.4742 54.7345 43.3188 2.34168 
1153 56.2092 52.4191 46.1704 1.96401 
1154 52.3496 55.6167 49.1477 3.26574 
1155 62.8323 56.519 45.2953 2.68662 
1156 58.133 55.2856 47.6571 3.41032 
1157 59.7075 54.29 46.4685 2.95665 
1158 63.2081 56.5701 48.6406 2.74003 
1159 59.8618 56.5564 49.0659 2.86608 
1160 66.1419 53.0823 49.5686 3.14942 
1161 30.6673 58.5374 47.8804 3.27594 
1162 34.0907 57.7437 43.5616 2.15872 
1163 33.6237 63.0824 43.9596 2.38471 
1164 34.4206 60.6645 45.1372 3.14453 
1165 32.0331 60.433 46.9229 2.82808 
1166 32.4863 57.6023 47.3796 2.77909 
1167 39.1818 60.552 45.4854 1.77691 
1168 40.1663 62.3236 43.173 2.01402 
1169 40.4409 56.6673 43.4944 2.58316 
1170 39.8103 59.5266 48.0022 2.84418 
1171 37.9501 61.7222 47.1198 2.83882 
1172 43.5956 62.6593 43.7533 1.96088 
1173 44.3173 61.6693 44.4472 3.26997 
1174 49.0863 59.6414 43.7431 2.0749 
1175 50.6093 62.0575 42.7391 2.38614 
1176 51.258 62.5789 43.5087 3.15643 
1177 52.8485 61.3543 45.6829 2.69752 
1178 52.3246 58.8285 45.6248 3.83178 
1179 60.638 58.1003 45.3284 1.62984 
1180 62.8443 57.7001 47.7464 2.18215 
1181 57.9701 63.2823 48.9508 1.17763 
1182 67.7624 58.1131 45.4056 2.13191 
1183 64.5301 59.268 47.4582 2.54292 
1184 64.6993 63.2511 46.0327 1.36358 
1185 63.5406 58.0411 46.3491 2.03452 
1186 64.4204 58.7601 49.2753 2.87696 
1187 66.0065 61.082 49.3912 2.23364 
1188 35.9184 67.7052 47.9269 1.83719 
1189 32.491 68.1504 47.9353 1.98141 
1190 42.5719 67.8687 43.461 3.45079 
1191 38.2702 64.6829 49.5644 2.76284 
1192 37.9982 69.6691 49.5047 3.20141 
1193 48.5654 67.3288 46.3249 2.62814 
1194 45.5142 63.775 48.3697 3.20471 
1195 56.6225 68.8323 43.8516 2.91225 
1196 52.3964 66.8904 42.5775 2.29676 
1197 54.0905 67.4332 42.5563 2.1297 
1198 53.9354 68.85 47.8159 3.40648 
1199 50.4778 65.4414 48.4081 3.11059 
1200 52.9944 69.0152 45.7421 1.77521 
1201 50.7009 64.5735 43.6472 2.11541 
1202 59.6416 66.4243 45.5338 2.52897 
1203 58.794 64.8475 44.0892 2.05881 
1204 62.8137 63.4601 47.3196 2.77775 
1205 60.2436 66.0064 49.2392 2.24416 
1206 60.4282 64.1861 47.538 3.29695 
1207 64.7852 63.4131 43.8131 2.59235 
1208 69.545 64.271 42.867 1.95857 
1209 66.1773 64.8596 47.2055 3.26506 
1210 69.5816 65.7299 43.1625 2.4046 
1211 69.1935 66.7657 48.1208 2.37272 
1212 68.4808 67.0982 47.753 1.45835 
1213 33.8653 30.0805 49.9231 3.18433 
1214 33.1317 34.2443 50.007 2.44907 
1215 35.1652 36.4465 54.8101 3.30962 
1216 41.8546 33.8125 52.5773 1.60474 
1217 38.7033 31.0808 51.733 2.35996 
1218 36.6913 31.7307 56.5039 3.35778 
1219 39.7652 32.2215 56.4922 3.03842 
1220 47.6654 36.5475 55.0843 2.02963 
1221 45.961 34.919 54.5442 1.98245 
1222 43.8613 33.544 50.3765 2.68088 
1223 56.6597 32.0224 49.6707 1.98638 
1224 54.6135 34.4242 51.096 4.72194 
1225 55.9603 31.8298 52.9018 2.71068 
1226 56.7995 36.5558 52.4661 1.59405 
1227 59.6026 31.0859 54.1269 3.26402 
1228 62.7899 31.6024 54.2034 3.80376 
1229 61.3015 36.1687 51.6531 1.87058 
1230 64.3243 34.963 51.5501 1.82453 
1231 67.4656 32.0415 54.5822 2.67135 
1232 64.4038 31.9208 50.7594 1.64422 
1233 31.7171 40.9408 53.3804 1.58905 
1234 31.6028 40.4156 54.6228 3.09765 
1235 41.0608 41.1464 49.9621 3.59553 
1236 39.8427 37.4057 51.2112 2.03293 
1237 40.9295 37.0301 51.7588 2.09128 
1238 42.7272 43.331 54.0866 2.62811 
1239 36.8842 38.4564 54.8197 1.42555 
1240 41.9417 37.5854 54.6322 2.71042 
1241 41.6052 38.7443 53.82 3.6243 
1242 45.1814 38.6183 54.5852 2.08283 
1243 50.4028 37.5682 51.6782 1.85692 
1244 50.511 43.1428 51.1653 2.68836 
1245 58.0731 41.9093 53.1358 2.99723 
1246 63.2426 37.2256 52.5203 3.39983 
1247 60.0165 39.9945 52.0819 1.60086 
1248 60.6895 41.9535 56.5433 2.09501 
1249 64.4821 41.553 51.859 2.85657 
1250 64.613 42.6854 51.9641 1.76652 
1251 67.1198 39.3817 49.8055 2.26505 
1252 64.1086 38.3432 49.6326 2.26108 
1253 65.1735 43.057 51.7252 1.53071 
1254 32.8679 45.041 51.5577 2.42482 
1255 34.4969 46.4306 49.727 3.05351 
1256 35.5559 44.4537 51.7075 1.54602 
1257 31.5201 44.5378 51.7247 2.21822 
1258 35.5504 48.5263 52.1629 2.96752 
1259 31.0445 46.8504 56.3227 3.19196 
1260 32.779 43.5158 56.2057 2.27958 
1261 31.0198 49.5092 56.0477 2.31847 
1262 37.7566 47.8819 51.318 2.69418 
1263 37.6643 45.8224 54.8577 3.50759 
1264 39.3146 46.9765 55.7829 3.26454 
1265 37.4092 47.3161 55.5672 3.06686 
1266 46.9571 45.9775 51.375 2.55775 
1267 53.2805 44.2083 54.183 1.84522 
1268 50.3484 47.815 50.1712 1.84926 
1269 56.3019 44.0521 54.8365 3.08059 
1270 50.0558 48.7311 55.2426 2.37684 
1271 51.2152 49.18 54.003 2.49858 
1272 58.82 47.4164 51.4643 4.62501 
1273 59.7208 49.2732 51.3786 2.17883 
1274 60.4907 46.6952 53.123 2.92091 
1275 62.3959 43.9909 51.6836 1.98166 
1276 58.5556 49.963 53.8211 3.33793 
1277 60.3069 45.4487 53.7183 2.07324 
1278 68.1767 46.3014 50.909 3.17134 
1279 67.1943 44.6811 55.4325 1.82774 
1280 68.0414 43.988 51.2513 1.47163 
1281 67.8747 49.1071 56.4287 2.51928 
1282 30.0308 53.993 53.6871 3.42562 
1283 35.1302 51.0925 54.82 2.21842 
1284 39.4429 55.9407 52.521 3.7224 
1285 38.9131 52.6425 49.6866 2.07011 
1286 43.6367 54.5177 51.6563 1.68067 
1287 44.9039 52.1684 55.7656 2.7827 
1288 47.9697 56.2876 56.4696 1.5575 
1289 52.3423 51.349 50.462 2.18225 
1290 52.546 55.3013 52.7461 3.17669 
1291 53.6755 55.4653 54.2653 2.80353 
1292 55.9132 52.9266 52.2818 2.38622 
1293 57.789 50.5405 51.4465 2.45977 
1294 58.5783 51.2699 51.0457 2.16696 
1295 56.918 54.8504 51.8584 2.65826 
1296 69.7222 55.7019 52.2209 3.23611 
1297 32.5705 58.0718 53.5649 1.9392 
1298 35.9247 59.6874 54.5048 1.59578 
1299 33.0491 58.8356 54.533 2.66132 
1300 35.1733 62.3777 54.5532 2.47458 
1301 31.1746 62.4101 55.9873 3.26027 
1302 36.152 62.4094 52.2158 1.46487 
1303 42.6881 61.5271 50.265 3.40234 
1304 39.4929 61.5916 54.576 3.17515 
1305 42.6152 60.6221 55.9797 2.10564 
1306 47.0546 57.6332 52.8427 2.8259 
1307 44.5619 59.3871 55.6203 3.1437 
1308 56.5471 59.7503 50.5587 2.6287 
1309 50.2184 61.1231 51.0863 2.03456 
1310 52.2606 56.8847 55.1922 1.85456 
1311 56.1717 62.6659 55.0234 2.33698 
1312 57.9382 56.8193 51.5072 3.38579 
1313 67.6897 62.5842 52.5786 3.65987 
1314 63.434 62.1884 53.8375 1.98663 
1315 66.4979 58.8566 56.3197 3.14207 
1316 64.0517 57.8602 53.2602 3.37594 
1317 34.5882 64.3233 51.4504 3.31558 
1318 35.519 64.1276 54.513 1.57319 
1319 32.1827 63.9841 55.1618 2.32667 
1320 34.8948 69.7393 56.3391 3.65848 
1321 41.8055 64.6631 50.3443 2.06346 
1322 38.6939 66.7542 51.8656 2.77569 
1323 38.568 64.7346 55.1947 1.78519 
1324 47.6253 64.5285 52.8093 2.72697 
1325 45.4198 64.7139 50.2454 3.09881 
1326 43.6806 67.9317 54.4279 2.76523 
1327 46.5923 67.7104 50.9538 2.94576 
1328 49.201 66.2551 52.329 3.4539 
1329 54.5876 64.3866 54.2277 2.87056 
1330 56.4339 63.8608 51.6348 1.9139 
1331 51.2723 65.0574 55.8731 3.72563 
1332 50.7294 68.5668 54.2866 2.11271 
1333 57.7901 66.7959 52.346 3.18789 
1334 58.151 66.657 54.7767 2.48887 
1335 61.7536 63.949 53.6511 2.80942 
1336 57.5214 64.1331 55.273 2.89415 
1337 66.8345 65.378 49.9427 3.174 
1338 66.9188 67.4902 52.3559 3.22047 
1339 63.6271 69.8623 49.8091 2.6939 
1340 65.112 66.9377 55.5365 2.20556 
1341 66.9865 65.7098 54.5995 2.24198 
1342 64.6815 63.4243 56.0236 2.04002 
1343 69.9428 66.9084 54.5663 1.96339 
1344 30.8423 32.6681 58.9621 3.12497 
1345 39.0049 32.3126 60.9442 1.95135 
1346 40.4317 31.4754 61.208 1.65126 
1347 38.1261 34.1372 61.1549 2.93882 
1348 42.4638 34.2552 59.1483 2.24006 
1349 37.8017 30.2424 58.4825 1.56509 
1350 48.348 34.3418 60.9822 3.8273 
1351 43.9926 34.0826 62.1838 1.86769 
1352 43.6978 36.1788 62.3762 2.38693 
1353 53.5048 33.9243 59.2612 4.28262 
1354 54.0781 31.3679 58.1499 2.57054 
1355 54.6275 31.3105 60.0451 1.82444 
1356 50.8439 32.3633 59.4315 2.89649 
1357 54.3612 32.2393 60.2835 2.48202 
1358 53.4084 34.8801 62.0793 2.89641 
1359 60.4365 34.6584 59.1595 3.92438 
1360 59.3879 33.9155 61.983 2.10885 
1361 62.3276 30.6589 61.2643 1.99015 
1362 61.749 36.6428 61.1348 3.31816 
1363 62.5872 30.6987 60.6173 2.1236 
1364 67.6278 35.2126 59.2557 1.63359 
1365 67.5536 32.4119 57.4524 3.02941 
1366 69.8924 33.5736 63.4129 3.09902 
1367 66.9841 31.4072 62.5998 2.67743 
1368 31.2218 40.7637 61.0551 1.98792 
1369 36.7842 43.1597 57.7908 3.65821 
1370 43.3327 41.9581 60.548 3.92992 
1371 37.223 40.5337 60.9756 1.76854 
1372 44.8933 40.6206 57.1601 3.25087 
1373 49.0627 40.2754 60.9163 2.06335 
1374 48.2259 38.7838 59.7462 1.82678 
1375 43.7075 38.4381 59.3454 2.89805 
1376 46.7865 41.9854 62.1259 2.33219 
1377 54.5408 37.4723 58.0886 2.22115 
1378 55.6613 41.543 58.6785 1.52399 
1379 52.958 38.5489 59.9165 2.67405 
1380 50.1953 39.5076 62.9425 1.93016 
1381 55.4639 38.7645 59.8727 3.01992 
1382 55.2636 36.9783 62.9468 2.21111 
1383 59.7793 40.8102 57.6943 3.11128 
1384 60.1077 40.7132 60.0034 1.35612 
1385 62.7174 41.8314 59.9497 3.05948 
1386 61.3406 37.1705 61.9946 3.24296 
1387 61.0976 39.2868 61.6388 2.03998 
1388 68.096 38.9506 58.8441 2.01622 
1389 68.3224 37.3441 56.737 1.74226 
1390 69.1652 38.8225 58.4096 1.56414 
1391 66.4747 40.8687 57.6984 2.34648 
1392 32.3567 48.137 56.8844 1.83353 
1393 34.4816 48.7645 62.7227 2.48625 
1394 31.389 48.9029 61.8628 2.79897 
1395 32.8933 47.2185 59.6394 2.22631 
1396 32.7535 43.3432 60.522 2.34321 
1397 35.1211 45.043 58.9734 1.72442 
1398 32.4577 46.5799 60.8922 1.94526 
1399 37.9063 48.9206 57.0704 2.09011 
1400 41.2638 47.6176 59.0807 1.70734 
1401 38.3346 46.1059 62.2217 3.46859 
1402 43.7507 48.3113 57.6483 3.15169 
1403 48.832 46.0222 62.8315 3.23192 
1404 49.8193 47.4547 58.9849 2.05472 
1405 43.7191 47.039 58.2118 2.20132 
1406 43.8693 46.2223 61.5129 2.13552 
1407 56.3967 44.2019 57.2689 1.42548 
1408 51.0971 43.8523 57.7679 1.45236 
1409 55.5387 45.9817 57.3194 2.85775 
1410 56.2339 49.6005 60.0051 2.26813 
1411 60.7475 43.7772 61.0615 2.71299 
1412 57.8631 44.5428 58.834 1.67635 
1413 62.4646 46.5422 60.8003 2.35215 
1414 68.2878 45.6623 56.953 3.35367 
1415 66.7075 49.5583 58.2546 3.20312 
1416 65.1518 47.8222 61.8901 3.78065 
1417 36.4234 54.5324 57.0483 4.65619 
1418 30.121 51.1354 57.6783 1.97506 
1419 31.4691 53.1203 59.5725 1.34232 
1420 30.3247 51.652 59.224 2.61578 
1421 30.6397 50.8702 60.6722 3.80185 
1422 35.0439 50.265 62.5693 2.80412 
1423 40.4486 56.6636 56.9424 2.11885 
1424 40.7897 53.0742 58.8806 3.5124 
1425 42.5127 53.4952 60.8107 1.4361 
1426 46.2598 51.2715 57.8728 2.86534 
1427 49.4858 52.2929 61.3977 3.00259 
1428 47.5835 50.8049 59.1478 2.43745 
1429 46.8898 50.3117 63.2237 2.68728 
1430 44.8052 55.472 63.3563 2.459 
1431 49.8197 50.8712 59.4743 1.57596 
1432 46.9928 54.0481 63.4374 2.59576 
1433 54.9748 50.339 62.1885 3.65709 
1434 54.4698 55.4292 57.2684 2.72909 
1435 50.2646 50.034 60.8581 2.52543 
1436 53.3767 55.7542 59.3668 3.70777 
1437 53.8411 54.6766 60.3788 3.04978 
1438 52.2567 53.1625 57.8853 2.74329 
1439 58.7877 55.9386 59.578 1.59083 
1440 58.7543 53.3094 60.5472 3.05649 
1441 62.2484 52.6204 58.1291 1.97798 
1442 58.5156 50.1119 62.0093 3.69891 
1443 61.8087 50.6235 63.2343 1.88253 
1444 69.5071 52.8991 57.7045 2.50043 
1445 69.2312 55.7857 60.2673 3.43008 
1446 66.4826 51.4899 61.9411 3.42526 
1447 68.1887 52.8379 59.9617 2.86111 
1448 68.3456 56.5023 62.6654 1.89491 
1449 65.3655 50.3429 63.4986 2.59474 
1450 69.4867 52.0079 62.8448 1.63033 
1451 33.5242 60.6407 59.4508 2.49069 
1452 33.5697 59.1372 61.6787 1.92867 
1453 31.4656 57.401 58.0921 1.8336 
1454 34.2407 57.4245 60.9619 1.56157 
1455 32.1777 61.0589 59.3144 2.66385 
1456 37.9795 60.9648 58.4339 2.41827 
1457 38.8784 57.5351 62.6533 1.90624 
1458 44.311 58.9982 58.4233 2.79188 
1459 49.5504 57.2562 57.0943 3.24883 
1460 46.8639 60.391 60.9235 2.22018 
1461 54.6676 57.7701 59.8833 2.30613 
1462 50.3033 59.1433 57.7397 2.41651 
1463 53.5845 57.6493 61.9586 3.52524 
1464 54.2817 63.2771 63.4086 1.38349 
1465 61.3912 58.2065 57.5381 1.64498 
1466 60.3373 60.6183 59.4169 2.94002 
1467 57.021 62.2905 58.3414 2.76688 
1468 59.601 58.5975 58.6241 1.97683 
1469 57.4998 61.0658 58.1577 2.70446 
1470 59.6354 57.3209 62.9563 1.63016 
1471 68.3867 58.5436 61.0413 1.5462 
1472 64.9589 61.7828 62.8813 2.16503 
1473 64.2267 60.8239 62.2436 1.48791 
1474 68.6365 62.085 59.8914 3.41408 
1475 67.2339 61.5094 61.7028 2.89716 
1476 64.1486 62.4136 62.6158 1.91569 
1477 35.3014 67.3372 57.2062 2.27502 
1478 33.3937 68.6447 62.2364 1.97603 
1479 34.6232 67.4002 63.0393 2.96323 
1480 30.5022 67.8395 62.9716 2.78817 
1481 41.3114 67.2191 56.7651 2.04901 
1482 42.6454 68.563 58.2701 2.48722 
1483 41.4135 64.7487 57.9172 3.96627 
1484 42.2162 63.6494 58.9395 3.03795 
1485 41.9489 67.1121 60.1945 2.7498 
1486 42.3341 64.6724 61.8984 3.85312 
1487 43.0652 63.3767 63.5738 2.70672 
1488 42.7579 69.5283 61.3738 2.95245 
1489 48.0732 63.6143 60.1437 2.91226 
1490 47.293 68.6874 57.3686 2.71426 
1491 46.1326 68.9504 59.3768 1.93597 
1492 48.8878 68.5059 62.697 2.95676 
1493 44.4879 65.7893 62.9864 3.13438 
1494 49.9027 65.4549 58.5336 2.73017 
1495 46.659 69.8188 63.4502 2.69128 
1496 52.9839 66.5517 58.0054 3.40442 
1497 56.0123 69.5324 59.2461 2.14076 
1498 53.6245 64.5805 60.8647 1.95778 
1499 53.3955 65.753 60.497 2.4036 
1500 53.6815 67.9006 62.9484 1.74367 
1501 60.2432 68.3521 57.3685 2.98662 
1502 60.8318 66.8377 57.672 2.15612 
1503 57.1808 67.7794 57.8541 2.36046 
1504 56.8416 68.2711 62.6328 3.34365 
1505 58.2346 65.4133 59.7839 2.75224 
1506 60.0145 66.5546 60.9213 2.36512 
1507 68.1768 66.3002 57.2027 4.37647 
1508 64.9562 68.5463 60.4764 2.52442 
1509 67.9602 69.4152 58.2743 2.6169 
1510 64.6224 69.131 59.2234 2.78525 
1511 30.6809 30.5172 63.9121 3.25304 
1512 30.0631 31.9202 66.2513 2.54095 
1513 34.2159 30.0358 68.869 2.67547 
1514 30.9426 30.5082 67.5928 2.61285 
1515 32.3963 35.165 67.1872 2.61863 
1516 35.3173 34.4884 70.2115 2.11058 
1517 31.0209 31.1236 70.8077 3.09834 
1518 33.899 35.6531 70.5312 2.43507 
1519 36.4228 32.791 69.1561 2.27939 
1520 31.046 32.6347 67.3384 1.24081 
1521 39.4213 33.9974 64.771 3.08741 
1522 40.0151 33.2125 65.6494 2.01253 
1523 43.1999 31.9692 64.6582 2.7531 
1524 41.7903 32.4907 66.9763 1.91224 
1525 37.5752 34.1225 69.5502 2.99723 
1526 41.9446 30.5993 64.8656 3.90445 
1527 42.4805 31.3571 68.8318 2.10403 
1528 38.0683 30.4908 70.5904 2.43796 
1529 37.3777 36.2025 68.8722 3.59004 
1530 42.1508 34.12 65.187 1.93197 
1531 48.9134 34.8619 66.2151 3.39584 
1532 49.7926 35.8157 70.1657 2.65787 
1533 45.3566 33.332 70.193 2.05608 
1534 47.4314 35.6541 70.4241 3.19922 
1535 55.9248 33.949 63.7512 2.04335 
1536 55.0193 32.4599 65.1433 3.00321 
1537 55.8179 33.8147 70.7187 4.41036 
1538 54.4561 35.9106 65.6238 2.64705 
1539 54.5634 30.9507 70.5505 3.39443 
1540 58.3185 30.3168 65.5031 3.15802 
1541 59.3287 34.1825 67.0065 3.31592 
1542 60.7424 35.0152 69.1156 2.57971 
1543 66.5011 30.0787 64.4143 2.74377 
1544 64.2879 32.5751 69.122 1.87409 
1545 65.3792 35.4547 63.9327 1.35287 
1546 64.6962 30.2471 67.1602 2.62485 
1547 68.2727 32.3555 69.8171 3.31087 
1548 35.1136 38.042 67.2563 2.20333 
1549 32.3335 40.7745 67.1348 2.48648 
1550 34.9698 43.2673 69.5188 1.35209 
1551 31.7736 37.6556 66.4265 1.6199 
1552 35.2787 39.3343 65.0462 2.78172 
1553 30.1655 41.5924 65.0414 4.52799 
1554 39.8029 39.9502 70.7238 2.48655 
1555 41.5745 41.4877 64.2028 2.87677 
1556 42.8564 40.3607 67.1655 2.67432 
1557 40.6881 38.119 68.7711 1.66044 
1558 37.0594 39.8218 70.3645 2.10669 
1559 45.347 42.016 64.3874 2.4127 
1560 44.2412 42.5317 68.74 2.57661 
1561 45.407 37.9072 68.2361 2.60705 
1562 49.7317 36.9867 69.8878 2.09677 
1563 52.7939 41.7005 64.2462 2.9774 
1564 55.3669 39.2378 63.7974 3.07363 
1565 52.347 42.502 64.9345 3.18704 
1566 62.9034 39.2731 64.8647 2.71193 
1567 58.0594 40.1407 65.5325 3.11935 
1568 58.0322 42.3712 66.9058 2.40998 
1569 57.9175 42.3538 69.7273 3.96066 
1570 61.3326 37.1236 69.1902 2.19019 
1571 60.9276 37.1036 69.75 2.42891 
1572 62.3565 40.228 69.8034 3.35792 
1573 69.0209 36.9115 66.4884 2.09065 
1574 69.9884 42.1677 69.0466 3.23299 
1575 67.8203 40.6271 66.577 2.45222 
1576 69.1424 39.5438 64.9278 1.92732 
1577 64.1539 39.9845 67.3359 1.98105 
1578 69.9172 40.5661 70.4639 2.59678 
1579 31.2917 45.3937 66.8989 2.30034 
1580 34.5547 45.1685 68.5805 2.61417 
1581 32.3899 48.6067 67.5455 2.26914 
1582 34.4823 47.0081 68.4115 1.92292 
1583 38.7196 46.0636 68.6932 1.47928 
1584 42.6097 48.3244 69.049 2.97165 
1585 41.0503 49.0476 68.5022 2.25751 
1586 42.4092 45.5495 69.8759 4.01002 
1587 43.9954 47.404 66.3325 3.01575 
1588 46.1852 46.8683 64.001 2.78377 
1589 46.725 43.506 68.3007 2.64023 
1590 45.213 48.8872 66.3987 3.02255 
1591 44.3564 48.9282 70.1776 3.30672 
1592 46.2612 44.8625 67.4105 2.30734 
1593 49.6117 43.5845 70.3419 2.05128 
1594 52.5243 45.503 68.0052 3.11806 
1595 50.6825 49.7671 63.8022 2.58003 
1596 53.9474 49.7644 68.5271 2.42464 
1597 62.0846 49.118 66.1958 3.65067 
1598 60.9843 48.6098 66.244 1.57669 
1599 66.3491 43.973 64.2098 3.30894 
1600 65.0666 49.247 67.3807 3.72742 
1601 35.723 51.655 68.0612 2.69884 
1602 35.9857 53.3693 68.3802 2.67472 
1603 37.1852 53.8227 64.795 2.02089 
1604 38.0921 56.5616 66.5827 3.3474 
1605 42.2352 55.594 69.1419 2.13707 
1606 38.1994 51.524 64.5326 1.62091 
1607 41.6453 51.6638 68.908 2.39972 
1608 38.9787 56.0746 68.6153 3.00379 
1609 43.5232 52.8226 65.9281 1.89921 
1610 48.3953 50.3462 65.2263 1.91061 
1611 48.4237 54.1849 68.8258 3.13449 
1612 49.3297 55.9397 68.3778 1.93171 
1613 49.7273 51.0456 68.9281 3.89445 
1614 44.5598 52.1143 68.9114 2.04854 
1615 52.8162 53.7425 66.0672 3.38675 
1616 56.4931 52.4065 65.4111 1.83203 
1617 51.6258 56.0673 70.4817 3.39157 
1618 51.5372 51.7942 67.593 3.46711 
1619 51.9721 54.1858 69.5549 2.72656 
1620 60.8796 52.8208 64.5016 2.98956 
1621 57.6741 56.3245 65.4069 2.62028 
1622 63.0198 53.5169 63.9918 1.95633 
1623 61.8126 55.762 63.7558 1.32001 
1624 59.7847 51.6255 70.7486 2.98433 
1625 58.4595 52.7373 68.702 1.47967 
1626 62.1663 54.4374 69.9637 1.89879 
1627 64.9722 54.3267 64.8623 1.68509 
1628 67.1702 53.8852 67.3354 2.5279 
1629 69.6884 55.5967 69.7052 2.87686 
1630 68.947 50.6908 69.5712 3.59376 
1631 68.4397 54.2309 69.3141 1.81759 
1632 30.3724 59.414 66.3621 2.8383 
1633 32.5514 59.9494 69.3206 2.96998 
1634 33.9096 62.5604 68.6646 2.24068 
1635 33.9138 60.6309 67.3341 1.78449 
1636 38.1918 59.7669 65.7674 3.21092 
1637 42.1869 61.7101 69.5754 2.58806 
1638 38.1024 59.3391 69.5792 3.09223 
1639 43.0349 62.9469 67.3499 2.50018 
1640 48.8583 61.9801 64.2086 2.85877 
1641 43.3848 58.685 66.5888 4.23485 
1642 44.6893 57.1575 66.1346 3.1107 
1643 46.5077 59.1529 63.9739 2.41405 
1644 52.7524 62.5172 69.3804 1.97727 
1645 54.4201 59.7115 68.9596 1.79597 
1646 58.8201 57.9457 65.0905 3.53093 
1647 59.33 61.4443 69.7855 4.22125 
1648 62.3293 59.7039 70.0081 4.03058 
1649 67.3165 61.2351 66.4239 1.67314 
1650 63.7692 58.0767 64.1522 3.23928 
1651 64.2791 63.0104 65.8184 2.65385 
1652 65.3905 58.1487 66.0981 4.00058 
1653 34.0794 64.8405 64.3231 3.95658 
1654 36.0313 68.0612 64.8722 2.53394 
1655 33.5311 65.1974 66.4126 2.40796 
1656 32.2548 68.0006 67.7011 2.54323 
1657 34.6491 65.5941 70.5775 2.26025 
1658 33.2081 67.1981 65.3109 1.49082 
1659 36.3263 67.0434 70.7374 3.35241 
1660 38.1438 69.6152 66.6932 3.14788 
1661 39.7497 63.7816 65.8516 1.62308 
1662 38.0575 63.641 70.5155 3.15886 
1663 49.8396 67.2067 66.2551 2.46619 
1664 43.5461 64.6256 67.2243 2.67691 
1665 49.0955 66.9728 66.3046 2.18457 
1666 44.618 66.8226 67.6667 1.54566 
1667 56.6507 68.3084 64.7833 2.15997 
1668 56.0174 69.4159 64.502 1.18859 
1669 55.6211 65.0197 64.7872 3.00371 
1670 51.7635 63.389 64.9121 3.93824 
1671 55.8322 65.3153 64.0488 2.23654 
1672 55.3016 64.8631 69.498 1.96621 
1673 57.9925 66.443 66.7398 1.68849 
1674 62.3119 66.1905 65.3795 1.97333 
1675 62.9017 69.0203 65.1223 3.39294 
1676 56.7006 65.7145 68.7027 2.94044 
1677 58.1409 69.0679 66.92 3.806 
1678 61.5845 64.9766 68.7446 2.69321 
1679 57.4852 65.452 69.4148 3.08433 
1680 63.4372 66.2869 68.7174 1.77297 
1681 66.6411 66.4531 67.6803 2.28577 
1682 69.7755 67.4431 66.2204 2.34472 
1683 65.0204 63.5317 69.7971 2.49368 
1684 66.2602 67.1345 67.9417 2.07858 
1685 65.0095 65.1849 70.099 2.56222 
1686 69.6144 64.0739 68.6415 2.90812 
1687 33.0996 35.4374 71.5678 2.93658 
1688 34.7406 33.0593 73.0742 3.43215 
1689 30.287 35.2351 75.8481 1.72042 
1690 33.1634 35.0083 77.1036 4.98355 
1691 32.2779 32.4075 73.7642 3.52304 
1692 39.2749 34.119 70.8461 3.09675 
1693 44.7808 30.58 70.9923 3.43635 
1694 46.0436 32.8363 73.3477 2.38185 
1695 48.1307 32.04 74.5171 3.44516 
1696 47.5781 30.7998 76.2983 3.09629 
1697 47.0007 33.362 77.6193 2.08716 
1698 46.0528 30.5215 74.8737 2.76119 
1699 49.8784 31.9701 77.0019 2.0057 
1700 49.2181 34.0192 72.7212 1.45636 
1701 50.975 33.0449 73.4854 1.96096 
1702 55.8688 30.1025 76.9666 1.4992 
1703 52.2795 34.3399 77.7472 2.27761 
1704 60.8368 34.2344 72.6781 2.92737 
1705 58.0496 34.2927 76.1305 2.60247 
1706 64.9903 35.2522 72.4785 2.57847 
1707 69.6886 33.3352 70.9387 1.87197 
1708 63.4133 32.9205 75.3857 3.31738 
1709 66.8917 31.9875 76.4933 2.65037 
1710 30.2629 40.599 76.1984 2.56164 
1711 33.5973 37.9115 76.2226 3.09138 
1712 30.1341 41.1415 74.5734 1.4301 
1713 31.9275 40.2136 76.5574 1.5664 
1714 41.7454 42.128 70.9519 3.30632 
1715 41.0291 40.1247 74.2477 2.46313 
1716 45.9757 40.6312 72.2915 2.11973 
1717 49.3509 40.2729 75.3993 2.99479 
1718 46.5725 39.3834 72.523 2.04955 
1719 46.121 42.7463 76.1939 2.30207 
1720 45.9345 37.2315 76.0723 2.52437 
1721 44.1475 42.9336 77.8571 2.41946 
1722 54.1002 38.5322 70.991 2.73875 
1723 55.4415 37.3225 72.3618 1.37784 
1724 53.9544 41.657 71.2175 4.08517 
1725 54.2714 40.4615 77.5259 2.74629 
1726 55.4228 39.164 72.9782 1.86207 
1727 58.4329 40.3302 71.9998 3.98362 
1728 62.7673 41.7277 71.3348 2.86427 
1729 59.5918 39.1652 74.9724 2.22233 
1730 62.1473 39.4133 75.3047 2.56131 
1731 63.0887 41.9754 75.4295 1.95375 
1732 69.1227 38.3866 73.1183 2.786 
1733 68.2542 42.0932 71.4403 3.90318 
1734 66.7199 39.5512 72.0039 1.87344 
1735 69.2364 38.6974 76.5461 2.03063 
1736 35.7988 47.6327 71.7824 1.16692 
1737 30.4883 47.8761 74.7019 2.03898 
1738 38.3607 46.5072 72.415 3.28928 
1739 37.219 49.6944 75.8897 3.41665 
1740 42.634 45.4267 76.2218 2.21674 
1741 39.8725 47.0026 77.8825 1.87472 
1742 39.9483 48.8247 72.5931 2.45253 
1743 49.4097 47.5014 75.3721 1.55192 
1744 44.9242 48.9765 74.8674 2.93564 
1745 49.2836 45.7956 75.6523 1.39372 
1746 55.2342 47.2925 70.8619 2.40201 
1747 52.978 46.7784 70.9358 2.49067 
1748 51.4228 45.3038 74.829 1.77658 
1749 59.544 46.3291 72.5267 2.45544 
1750 62.5647 44.5702 74.9171 3.38843 
1751 59.7432 48.0992 71.658 1.86171 
1752 60.5228 47.1799 75.9208 2.45124 
1753 63.9078 46.5719 74.1822 3.38173 
1754 35.4214 54.4275 70.9284 3.40731 
1755 36.2522 56.2056 71.9969 2.15764 
1756 33.6918 51.4727 71.0779 3.4954 
1757 36.3661 56.2776 77.3817 2.4608 
1758 31.5919 51.9955 73.0913 2.72065 
1759 39.7869 52.1691 72.2201 3.36919 
1760 40.3767 55.3415 73.5623 2.47874 
1761 40.7352 55.9504 72.0469 2.07532 
1762 40.2447 51.4796 75.8607 2.2973 
1763 49.9925 51.9658 71.2825 3.73021 
1764 44.447 55.7542 73.3164 2.13501 
1765 49.4768 52.9402 75.7321 1.99571 
1766 43.8076 52.7699 72.174 3.18695 
1767 47.5396 55.2837 76.1814 1.87925 
1768 56.1604 55.0206 71.7458 2.04041 
1769 56.6299 54.3509 73.7019 2.91894 
1770 55.4388 53.1661 72.0711 2.97267 
1771 52.4704 53.5012 77.0062 4.05561 
1772 50.7964 50.812 76.4837 3.60921 
1773 58.723 51.8754 75.6955 3.08977 
1774 57.621 52.2767 73.7008 2.57641 
1775 58.6492 55.5428 77.7064 2.49202 
1776 65.8662 55.6156 71.851 2.11431 
1777 64.7897 54.7957 74.8913 2.74102 
1778 66.958 54.2944 74.0932 2.31997 
1779 32.5416 62.5204 72.9297 3.12831 
1780 33.3251 58.472 77.228 1.78741 
1781 30.6103 57.5079 73.5421 3.10606 
1782 41.9635 59.7004 70.9512 2.81661 
1783 38.7019 59.5921 74.1069 2.86658 
1784 41.6241 60.5401 72.7207 1.6359 
1785 48.1386 61.9285 71.4624 2.26987 
1786 48.4547 61.7932 76.6065 3.32709 
1787 48.5932 60.9558 72.4875 2.23363 
1788 44.7745 58.5412 73.2412 2.2359 
1789 43.9966 62.8559 72.7315 3.46989 
1790 47.5121 57.5647 76.0999 3.32808 
1791 45.4527 57.2533 76.025 2.38313 
1792 44.8181 56.9085 77.4784 1.51376 
1793 49.6104 59.4942 76.7178 2.37436 
1794 52.5392 61.4244 72.981 2.4157 
1795 55.1404 57.796 76.8863 1.56974 
1796 55.8687 59.3313 71.4976 4.30422 
1797 55.4735 59.2801 76.7178 2.13259 
1798 59.2098 59.3291 71.258 3.53257 
1799 62.5838 58.6103 72.3233 2.37106 
1800 57.0639 62.9921 73.0174 2.09237 
1801 60.603 61.7324 72.0882 2.48077 
1802 61.925 61.1204 74.6203 2.44755 
1803 58.228 57.2749 76.0112 1.46646 
1804 69.0007 58.9775 75.8609 3.57051 
1805 34.7942 65.5607 72.4139 2.45887 
1806 34.6924 63.7286 75.5756 3.4106 
1807 35.1918 68.813 76.8834 2.78475 
1808 39.9181 66.6789 73.1286 2.42694 
1809 40.9813 69.6811 73.6154 3.36716 
1810 38.9307 65.3237 73.9145 1.83625 
1811 41.6302 66.7235 75.3077 2.03194 
1812 40.5757 64.8704 76.2206 1.43756 
1813 41.3326 69.161 74.0731 3.39819 
1814 44.3371 64.9601 71.7801 2.6838 
1815 47.1299 68.1327 73.1561 2.799 
1816 44.1316 67.8689 74.5851 2.04765 
1817 49.9477 68.9458 76.2752 2.41316 
1818 49.2323 63.6341 77.7699 4.78416 
1819 48.0787 65.0506 75.5307 2.83977 
1820 54.3215 68.1487 72.6096 3.86223 
1821 52.5774 64.0216 73.5521 2.48937 
1822 56.1643 66.2232 72.6899 1.5089 
1823 51.7468 68.3554 73.4324 2.05078 
1824 55.384 68.8412 77.4558 2.51259 
1825 60.1881 65.2195 71.9694 2.54861 
1826 59.1282 66.5995 74.4154 3.22523 
1827 68.8795 69.4487 72.9327 3.10276 
1828 65.5965 68.3514 71.219 1.83019 
1829 65.7852 66.8133 74.5958 2.96375 
1830 68.1693 65.8829 75.0739 2.28959 
1831 34.1509 30.6775 79.6287 3.55443 
1832 36.1113 32.8786 79.1019 2.71902 
1833 42.8378 35.836 80.2112 2.53232 
1834 40.5174 32.7536 79.8512 3.28102 
1835 39.5597 32.7766 77.9566 2.2236 
1836 41.7083 30.7129 78.9269 1.84825 
1837 43.8859 33.1655 77.9567 3.22921 
1838 49.5725 32.0259 80.7684 2.80617 
1839 46.8459 30.3356 81.1578 3.84582 
1840 44.8083 33.2509 80.9131 1.52895 
1841 47.1604 32.3116 80.7821 1.93841 
1842 47.5765 33.8939 83.702 2.61969 
1843 53.4744 33.4769 80.31 1.60623 
1844 50.5825 31.1812 81.8561 3.18648 
1845 55.3903 34.1016 83.5014 3.30414 
1846 56.0756 32.0226 84.0916 2.77872 
1847 60.4278 34.3627 78.2548 2.26454 
1848 63.0922 35.9606 83.6957 3.28179 
1849 62.4999 33.0812 79.3749 3.46105 
1850 67.5305 32.5322 78.4639 1.56093 
1851 65.5166 33.9706 83.9194 3.00364 
1852 68.4174 35.1396 78.1508 3.30327 
1853 64.9579 32.8518 84.9296 3.00243 
1854 63.3695 33.558 81.9532 2.77193 
1855 33.1343 41.8182 79.4891 1.80563 
1856 33.8782 38.5966 79.5223 1.96929 
1857 32.6905 42.5814 82.6062 2.87653 
1858 32.7185 38.8295 78.6434 2.86869 
1859 32.0307 42.4418 80.5592 2.16095 
1860 32.0639 37.5338 84.4349 2.75829 
1861 39.2278 43.0522 80.9442 3.61339 
1862 42.5887 39.5129 82.7652 3.04925 
1863 43.7892 43.1321 84.2055 4.16785 
1864 47.4797 37.7523 81.2389 3.14784 
1865 47.5386 43.2577 83.2146 2.5831 
1866 46.1251 37.6665 82.582 3.22972 
1867 55.7918 41.238 78.788 1.86511 
1868 54.9948 37.5595 80.9982 5.15379 
1869 54.8109 42.7051 83.0075 4.89278 
1870 52.956 38.8726 83.633 3.34211 
1871 62.4179 36.7631 82.3104 2.40912 
1872 59.5094 40.9411 83.0058 2.91213 
1873 65.0925 41.7897 80.9429 1.74065 
1874 67.0843 42.3695 81.5407 2.03773 
1875 34.3887 46.0905 78.4612 3.39293 
1876 34.9033 43.4279 78.761 2.72194 
1877 35.708 49.0107 79.6989 2.3873 
1878 38.4389 46.5683 80.6417 1.96646 
1879 41.2343 45.2508 81.7297 3.55918 
1880 37.6986 49.426 82.1879 2.11042 
1881 39.6566 49.0747 83.9827 2.48758 
1882 41.3073 44.2628 83.8495 3.0229 
1883 47.0347 46.7652 80.7088 3.273 
1884 46.6103 43.8714 79.425 1.80635 
1885 50.1504 49.0361 78.4758 4.52675 
1886 53.66 49.9905 82.7188 1.46406 
1887 54.0285 46.9657 80.0783 1.34952 
1888 57.8368 47.5242 79.6213 2.98822 
1889 61.8064 43.4099 81.1503 2.55678 
1890 57.8884 45.5312 78.0579 3.97034 
1891 58.899 44.0563 83.6062 2.23707 
1892 62.7724 45.1892 83.5813 2.62396 
1893 66.3961 48.0979 78.1368 2.75656 
1894 66.4091 43.4247 79.6718 2.60824 
1895 63.504 46.5037 77.9963 2.4985 
1896 64.3775 46.5073 82.4209 3.26322 
1897 68.6523 47.7866 81.4915 3.76771 
1898 69.4504 45.646 81.1286 2.49001 
1899 64.5951 48.6364 81.6669 2.02225 
1900 63.3562 45.9852 84.8033 3.1643 
1901 63.7293 44.2155 83.4838 2.70204 
1902 69.1837 49.5389 84.119 2.58293 
1903 30.6558 50.9373 78.1592 3.67759 
1904 34.0921 51.1396 81.6189 3.53401 
1905 42.9194 53.4786 78.1452 1.58221 
1906 39.1422 55.5116 78.1569 3.62444 
1907 41.5068 54.0975 83.1175 2.6072 
1908 48.893 56.1874 80.2195 3.54633 
1909 44.1369 55.7178 82.4513 3.72875 
1910 46.1181 53.7664 84.6588 1.93967 
1911 46.6899 56.5167 81.2205 3.39355 
1912 45.9148 52.4334 80.686 2.24366 
1913 44.1149 50.4677 79.8663 1.89968 
1914 55.6675 55.2418 82.1181 3.14748 
1915 51.0612 53.208 81.1192 2.12859 
1916 54.431 53.5921 79.098 1.82014 
1917 61.8618 54.5898 82.4156 2.32758 
1918 67.0382 51.0527 83.3719 3.69842 
1919 65.0168 51.5362 79.033 1.74977 
1920 69.5196 51.4087 82.9194 1.8697 
1921 65.6824 52.7938 79.745 2.71473 
1922 31.1212 60.8657 83.6972 3.18441 
1923 42.1808 61.6765 82.5321 2.51764 
1924 40.6976 58.623 84.7511 2.49451 
1925 36.96 60.3396 80.2786 2.9461 
1926 38.5265 57.5873 82.7628 2.44988 
1927 48.4768 59.7199 81.6824 2.26232 
1928 44.8338 57.7181 83.7889 2.45096 
1929 51.9874 56.9195 78.2766 2.14101 
1930 55.4825 61.2461 81.5811 4.43816 
1931 51.1806 59.31 78.1068 3.17103 
1932 51.5978 59.3068 82.8702 3.48303 
1933 61.4012 59.6119 80.7797 4.57112 
1934 57.4777 59.0385 79.5434 1.99969 
1935 57.1255 57.2044 81.4707 1.45423 
1936 59.9803 56.8829 78.0897 2.61289 
1937 66.6353 60.766 82.5049 4.87756 
1938 63.5413 62.5005 83.4588 3.36445 
1939 69.3007 59.4417 80.341 2.49158 
1940 30.498 66.5303 78.7501 1.94225 
1941 30.785 67.0937 83.0936 2.18345 
1942 36.1601 69.0994 80.6544 2.5997 
1943 32.3336 63.3626 79.5918 2.32271 
1944 33.412 68.1568 84.9124 2.86565 
1945 34.3668 68.7388 83.7242 3.02661 
1946 40.5599 66.585 81.7702 4.08253 
1947 42.8895 69.7937 79.8628 2.08721 
1948 39.4484 66.92 77.9311 2.93455 
1949 40.2641 65.4302 80.6074 3.29622 
1950 37.3011 64.1787 82.8731 2.96081 
1951 38.4552 69.2639 79.0541 3.45462 
1952 45.2153 68.3711 80.5024 4.30302 
1953 48.146 65.9551 78.4302 3.32107 
1954 48.6958 63.8121 80.073 2.40637 
1955 45.1697 65.9431 83.8392 1.46297 
1956 43.4845 65.7502 79.9872 2.40454 
1957 54.5124 69.4209 80.6402 2.72442 
1958 53.9037 67.1399 81.117 1.85779 
1959 59.6194 65.007 81.644 3.27653 
1960 59.9344 63.8405 78.1717 2.79822 
1961 57.3306 68.7164 84.8508 1.82486 
1962 60.7333 68.8569 82.0674 3.55335 
1963 65.9297 64.5125 79.965 2.41836 
1964 64.1902 66.5998 84.3227 3.16173 
1965 63.9379 68.1292 82.7497 2.77981 
1966 65.6687 64.3528 79.5696 2.25313 
